[[  1.03560962e-07   7.12628285e-09   3.67439384e-09 ...,   2.61295647e-12
    2.60514392e-12   2.78003566e-12]
 [  7.12628285e-09   1.30217212e-07   6.49289534e-09 ...,   7.59054159e-12
    7.56406151e-12   8.06519572e-12]
 [  3.67439384e-09   6.49289534e-09   1.87340190e-07 ...,   1.09490400e-11
    1.09647771e-11   1.16585006e-11]
 ..., 
 [  2.61295647e-12   7.59054159e-12   1.09490400e-11 ...,   1.07308334e-13
    1.07496466e-13   1.14298629e-13]
 [  2.60514392e-12   7.56406151e-12   1.09647771e-11 ...,   1.07496466e-13
    1.07688830e-13   1.14501048e-13]
 [  2.78003566e-12   8.06519572e-12   1.16585006e-11 ...,   1.14298629e-13
    1.14501048e-13   1.21745460e-13]]
[[ 61.03795643]]
