
Covariance Matrix: 
[[  9.19385929e-10   1.22407817e-10   6.81640584e-11 ...,   1.33859025e-14
    1.34287992e-14   1.42948413e-14]
 [  1.22407817e-10   1.15282947e-09   1.63905548e-10 ...,   3.00870209e-14
    3.00858274e-14   3.20271594e-14]
 [  6.81640584e-11   1.63905548e-10   1.40779713e-09 ...,   1.02445293e-13
    1.02459965e-13   1.09054269e-13]
 ..., 
 [  1.33859025e-14   3.00870209e-14   1.02445293e-13 ...,   2.13952814e-15
    2.14852585e-15   2.28189940e-15]
 [  1.34287992e-14   3.00858274e-14   1.02459965e-13 ...,   2.14852585e-15
    2.15762097e-15   2.29152649e-15]
 [  1.42948413e-14   3.20271594e-14   1.09054269e-13 ...,   2.28189940e-15
    2.29152649e-15   2.43376224e-15]]

Correlation Matrix: 
[[ 1.          0.11889886  0.05991513 ...,  0.0095442   0.00953456
   0.00955633]
 [ 0.11889886  1.          0.12865927 ...,  0.01915745  0.0190762
   0.01912039]
 [ 0.05991513  0.12865927  1.         ...,  0.05902867  0.05878907
   0.05891604]
 ..., 
 [ 0.0095442   0.01915745  0.05902867 ...,  1.          0.9999862
   0.99999636]
 [ 0.00953456  0.0190762   0.05878907 ...,  0.9999862   1.          0.99999593]
 [ 0.00955633  0.01912039  0.05891604 ...,  0.99999636  0.99999593  1.        ]]

Signal-to-Noise ratio: 
[[ 12.78569221]]
[[ 12.52235589]]
[[ 9.83891356]]
