
Covariance Matrix: 
[[  1.03290362e-07   7.11458618e-09   3.66388838e-09 ...,   2.73888827e-12
    2.73194739e-12   2.91330568e-12]
 [  7.11458618e-09   1.29922339e-07   6.26655967e-09 ...,   7.78327685e-12
    7.75431648e-12   8.26748521e-12]
 [  3.66388838e-09   6.26655967e-09   1.86975318e-07 ...,   1.09607539e-11
    1.09823890e-11   1.16714738e-11]
 ..., 
 [  2.73888827e-12   7.78327685e-12   1.09607539e-11 ...,   1.04025248e-13
    1.04197657e-13   1.10796057e-13]
 [  2.73194739e-12   7.75431648e-12   1.09823890e-11 ...,   1.04197657e-13
    1.04374307e-13   1.10981777e-13]
 [  2.91330568e-12   8.26748521e-12   1.16714738e-11 ...,   1.10796057e-13
    1.10981777e-13   1.18008823e-13]]

Correlation Matrix: 
[[ 1.          0.06141548  0.02636454 ...,  0.02642257  0.0263115
   0.02638754]
 [ 0.06141548  1.          0.04020639 ...,  0.06695009  0.06658935
   0.06676891]
 [ 0.02636454  0.04020639  1.         ...,  0.0785921   0.07861545
   0.07857354]
 ..., 
 [ 0.02642257  0.06695009  0.0785921  ...,  1.          0.99998105
   0.99999467]
 [ 0.0263115   0.06658935  0.07861545 ...,  0.99998105  1.          0.99999454]
 [ 0.02638754  0.06676891  0.07857354 ...,  0.99999467  0.99999454  1.        ]]

Signal-to-Noise ratio: 
[[ 59.7793441]]
