[[  3.94070680e-04   9.57327858e-04   1.48167412e-03 ...,   1.68771546e-06
    1.69859346e-06   1.80174033e-06]
 [  1.19217059e-03   5.19184864e-04   8.45782576e-04 ...,   1.19810785e-06
    1.20662234e-06   1.27977461e-06]
 [  6.84950865e-04   5.49664420e-04   1.04843305e-03 ...,   2.42756936e-06
    2.44199275e-06   2.59183012e-06]
 ..., 
 [  8.27143728e-04   8.31770904e-04   3.47827260e-04 ...,   1.30189552e-06
    1.31093545e-06   1.39050659e-06]
 [  5.41891271e-04   4.89418698e-04   3.83396401e-04 ...,   2.13527449e-06
    2.14591130e-06   2.27814317e-06]
 [  5.99989452e-04   6.03720087e-04   1.37408612e-03 ...,   1.54784243e-06
    1.55990830e-06   1.65371789e-06]]
Covariance Matrix: 
[[1.032903615582332e-07, 7.114586183253946e-09, 3.6638883761845902e-09, -7.959688240941283e-10, 1.906882303020776e-09, -9.307671076475416e-09, 1.163327815698586e-09, 1.4919472486401134e-09, 1.4805508626557884e-09, 8.114080518857531e-10, 1.6687068164898541e-09, -1.2983231387937499e-09, -1.7049041059195405e-09, 1.404899532405339e-10, 1.0527891333840094e-09, 4.5174029498823165e-10, -1.4944345858754646e-10, -1.1347519129860255e-10, 3.8952443188206977e-11, 3.124373703988627e-10, 3.4564814210051635e-11, 1.220910830487932e-10, 1.216146881510393e-11, 4.850356008786564e-11, 1.194898942717e-11, 1.2501107205727599e-11, 1.0989057522132378e-11, 9.755196972686745e-12, 9.531473530621516e-12, 7.34698447498236e-12, 7.595634768968696e-12, 5.8298182397846935e-12, 5.524330564287944e-12, 5.078576387614546e-12, 4.235634570885002e-12, 4.0099754024076275e-12, 3.403724320257604e-12, 3.22646640842938e-12, 2.9997322332032045e-12, 2.782772447170204e-12, 2.7388882698869984e-12, 2.7319473881033963e-12, 2.913305682768613e-12], [7.114586183253946e-09, 1.2992233946410624e-07, 6.266559667264188e-09, -5.8570110119872766e-09, -8.144239119184683e-10, 5.9488800003227376e-09, 3.9730948060339325e-09, 6.929420360700745e-09, -2.4744491640174705e-09, 4.5514667429944694e-10, 1.7762050804014976e-09, -2.6860875551145097e-09, 5.765628702159871e-10, 2.7642848404172356e-09, 1.4117293123996177e-09, 7.828146477872215e-11, 4.081397430724872e-10, 8.911368638467881e-10, -6.897775205463941e-11, 9.600802621805647e-11, 2.483113236683022e-10, 2.0436118976199238e-10, 6.768393318595344e-11, 7.592217335722446e-11, 5.13239947801125e-11, 4.2002592704276845e-11, 3.552793939606136e-11, 3.0059225085517256e-11, 2.8387556748987613e-11, 2.306001948049276e-11, 2.122376338075124e-11, 1.778439355060532e-11, 1.59737335964093e-11, 1.4433497776950664e-11, 1.2333306397844072e-11, 1.1314675694412142e-11, 9.979773426913626e-12, 9.145817987810965e-12, 8.543320200783328e-12, 7.920608221540844e-12, 7.783276848518619e-12, 7.754316476765457e-12, 8.267485207575472e-12], [3.6638883761845902e-09, 6.266559667264188e-09, 1.8697531783368226e-07, 1.0929999867480848e-08, 5.265309669934077e-10, 5.637632100482587e-09, 3.764688507854489e-09, -2.1281876325930047e-09, -3.4516792737655113e-10, 4.647451255395282e-09, 2.1129009559102703e-09, -2.669026022038735e-09, 2.086026713889037e-09, 1.197170027074851e-09, -1.5248111277697688e-09, -1.1867922106518307e-11, 2.229808067625493e-09, -1.5945238542010764e-10, -5.28055640691051e-10, -8.11920507366338e-10, 1.7363973565046887e-10, 2.617168655929376e-10, 9.910949775127022e-11, 6.439953732562575e-11, 7.925453110948963e-11, 5.4231308661417594e-11, 5.055827363857903e-11, 4.2857629023662525e-11, 3.964315767176793e-11, 3.195355225121264e-11, 2.974825732486387e-11, 2.4815000287627434e-11, 2.2471834608907052e-11, 2.0214280367939087e-11, 1.738630431662794e-11, 1.594386861689151e-11, 1.4063936141990115e-11, 1.2895093337740739e-11, 1.2051112767609766e-11, 1.1208973629554362e-11, 1.0960753865535842e-11, 1.0982389016101038e-11, 1.1671473762015438e-11], [-7.959688240941283e-10, -5.8570110119872766e-09, 1.0929999867480848e-08, 7.665369081591036e-08, 4.210614732169706e-09, 3.346936679266212e-09, -3.411285530097968e-10, 2.288832202177509e-09, 1.4140933970397428e-09, 1.0360552784720542e-09, 3.0572100702526637e-09, 9.301602990618903e-10, -8.124200767671162e-10, -4.4470446782127304e-10, 1.05128880506627e-11, 1.0509116646373151e-09, 1.8549952872279822e-10, 2.1239553990218666e-10, -1.722804333351037e-10, 4.217628268754973e-10, 1.269271179221214e-10, 3.5582200775281464e-11, 5.7742148794108935e-11, 2.099049784939345e-11, 2.708401601969379e-11, 2.005239315905163e-11, 1.9154651284250284e-11, 1.6171318939051e-11, 1.528498206583756e-11, 1.2236334006030164e-11, 1.1564083182487892e-11, 9.412683959339526e-12, 8.545474722509992e-12, 7.80190699593794e-12, 6.580114891598886e-12, 6.132872029347704e-12, 5.2739348565050104e-12, 4.926584036373938e-12, 4.585737402823999e-12, 4.256478402002485e-12, 4.178671103279827e-12, 4.170971501300259e-12, 4.444453434322889e-12], [1.906882303020776e-09, -8.144239119184683e-10, 5.265309669934077e-10, 4.210614732169706e-09, 9.644503120489508e-08, 2.233241083524843e-09, -1.934467706693003e-09, -1.5836080865648883e-09, -1.5308434814846957e-10, -5.688724108635537e-10, -9.991676265709966e-10, 2.5191502507180846e-09, -3.060895768390171e-10, 2.130664186281751e-09, -8.540243507342885e-10, -4.106146121029694e-10, -1.1269754837447012e-10, 2.0470378539666183e-10, 4.65791460240478e-10, 2.967079573951155e-10, 1.239202092312322e-10, -9.134564428154142e-11, 7.400818750173658e-11, 2.246688890195145e-11, 2.07332935788292e-11, 2.101077020572746e-11, 1.548386150975245e-11, 1.4810229155144627e-11, 1.3821726907462215e-11, 1.0877704573275428e-11, 1.0314391820930185e-11, 8.093067021506067e-12, 7.560631919323505e-12, 6.795216348663388e-12, 5.784946523613144e-12, 5.32757231043333e-12, 4.680260068353189e-12, 4.3307939853902074e-12, 3.987245973284298e-12, 3.72738690235319e-12, 3.6550187634421636e-12, 3.655977912175133e-12, 3.894246867411273e-12], [-9.307671076475416e-09, 5.9488800003227376e-09, 5.637632100482587e-09, 3.346936679266212e-09, 2.233241083524843e-09, 1.1213719096077372e-07, -1.8433559037697458e-09, 8.516901385774091e-10, -2.42489487782919e-09, -1.767159178931272e-09, -1.0492652138910198e-09, -1.4870650383993333e-09, 2.1902972686754553e-10, 1.387281072807847e-09, -6.995266596140457e-10, -7.20054695887386e-10, 2.772825101711317e-10, 7.158301870780943e-10, 3.6735530520324714e-13, 2.3153777370924118e-10, -7.949337755013308e-11, -3.3390366854452114e-12, -1.6388471987541703e-12, 3.007017633917578e-12, -1.3200773670148983e-11, -8.37713007956722e-12, -6.783680754670053e-12, -4.470630661643397e-12, -4.318688198525923e-12, -3.1248513608774848e-12, -3.214785116746596e-12, -2.602109622991094e-12, -2.408789977220417e-12, -2.2094103960097258e-12, -1.7936763752073115e-12, -1.6383335279038928e-12, -1.4559979070965182e-12, -1.3246944968898975e-12, -1.2503380215238589e-12, -1.1306012384082081e-12, -1.1380599062565385e-12, -1.1039846936078039e-12, -1.1947764635992795e-12], [1.163327815698586e-09, 3.9730948060339325e-09, 3.764688507854489e-09, -3.411285530097968e-10, -1.934467706693003e-09, -1.8433559037697458e-09, 1.1321625223634993e-07, 6.6250652837284804e-09, 3.54158902050274e-09, 2.6826784789541215e-09, 6.236839276720565e-11, 2.836470891556465e-09, 5.501119162735251e-10, -1.0688641332476819e-09, 1.287222572671833e-09, 5.538427149884802e-10, 1.165511458251957e-09, 4.593908468482924e-10, -5.872016688055363e-10, 3.54590749837014e-10, 1.0997059603561732e-10, 6.742193095540206e-11, 1.1609059443317554e-10, 7.018753613534134e-11, 5.179845083516906e-11, 4.51929438751708e-11, 3.874132648546838e-11, 3.3663195030973945e-11, 3.180224169668788e-11, 2.5330821435009867e-11, 2.3913539570179033e-11, 2.001754046335541e-11, 1.8057034685763137e-11, 1.626720658843182e-11, 1.3923270522780444e-11, 1.2838302313556201e-11, 1.1215580931716266e-11, 1.0324344808606643e-11, 9.68109266230954e-12, 8.990071290412806e-12, 8.805589206885892e-12, 8.798260121750207e-12, 9.368926259089548e-12], [1.4919472486401134e-09, 6.929420360700745e-09, -2.1281876325930047e-09, 2.288832202177509e-09, -1.5836080865648883e-09, 8.516901385774091e-10, 6.6250652837284804e-09, 6.077009120287571e-08, 1.3328924095367471e-10, -3.75872183409126e-10, 3.3126362349487807e-09, 1.6639302127891105e-09, 2.2718144680287873e-09, 1.5741345174887809e-09, 1.4859047128263172e-09, -4.942658030865874e-10, 3.9304042748955e-10, 6.804609408311486e-11, -4.106204799447205e-10, 1.5856498619923507e-10, -3.7118844937295776e-11, 9.012240282575086e-11, 5.827018238234192e-11, 7.176559781387093e-11, 5.108885011617352e-11, 4.0331938661183143e-11, 3.682201614946571e-11, 3.0385820214111296e-11, 2.8731325164694416e-11, 2.3721477344377674e-11, 2.151996500619714e-11, 1.8313340215435583e-11, 1.6320506603861667e-11, 1.4843544546777462e-11, 1.2578664862587904e-11, 1.1600148441050462e-11, 1.0195730382303148e-11, 9.385645094914204e-12, 8.77760910722936e-12, 8.132321918505017e-12, 7.988904037547518e-12, 7.972738752367243e-12, 8.496716304308277e-12], [1.4805508626557884e-09, -2.4744491640174705e-09, -3.4516792737655113e-10, 1.4140933970397428e-09, -1.5308434814846957e-10, -2.42489487782919e-09, 3.54158902050274e-09, 1.3328924095367471e-10, 5.734922834676783e-08, 1.475375848591018e-09, 1.608298358011922e-09, 1.207971676393056e-10, -1.0835804956342539e-09, 2.2223735513845807e-10, -9.664631914418982e-10, -2.1677753809796743e-10, 2.97504679354677e-10, 6.232264816547934e-10, 5.101405029620873e-10, 3.342943312442425e-10, 3.177918074586308e-11, 4.368426772750236e-11, 2.566029018695711e-11, 5.1644427080735133e-11, 3.1442084397985716e-11, 2.939316489910015e-11, 2.412962869290833e-11, 2.0974461164623136e-11, 1.960998581147818e-11, 1.5672504521968076e-11, 1.476898595773139e-11, 1.2332936188205798e-11, 1.107776242391906e-11, 1.002161478274057e-11, 8.461048844502702e-12, 7.838876417881982e-12, 6.870708410478429e-12, 6.331037463170703e-12, 5.8967934340425994e-12, 5.485696987360468e-12, 5.382003156205782e-12, 5.367152615850405e-12, 5.723077243840822e-12], [8.114080518857531e-10, 4.5514667429944694e-10, 4.647451255395282e-09, 1.0360552784720542e-09, -5.688724108635537e-10, -1.767159178931272e-09, 2.6826784789541215e-09, -3.75872183409126e-10, 1.475375848591018e-09, 5.084157696862253e-08, 1.0519942937243843e-09, -9.82738974205952e-10, -1.3610948504887502e-09, -2.3036855882538543e-10, -8.873075931615802e-10, -6.057896666094902e-10, 6.159260687171178e-10, 3.81111227836836e-10, 1.5729480680773306e-10, 5.036276055540242e-11, 1.3791069544697132e-10, -7.021456979144188e-12, 2.732804780733929e-11, 3.427625764019805e-11, 2.1198891375142093e-11, 1.5716772354179532e-11, 1.4340578204144816e-11, 1.1946363165973083e-11, 1.1242648483353196e-11, 9.126749238931599e-12, 8.504870426727291e-12, 7.212542128715943e-12, 6.455562152413818e-12, 5.825323752767356e-12, 4.978789174508926e-12, 4.601355211291873e-12, 4.0038869655762735e-12, 3.710345559631366e-12, 3.463856402264541e-12, 3.198036284534338e-12, 3.1550255909252786e-12, 3.1362746638030754e-12, 3.351708008931838e-12], [1.6687068164898541e-09, 1.7762050804014976e-09, 2.1129009559102703e-09, 3.0572100702526637e-09, -9.991676265709966e-10, -1.0492652138910198e-09, 6.236839276720565e-11, 3.3126362349487807e-09, 1.608298358011922e-09, 1.0519942937243843e-09, 4.019867846980838e-08, -8.118629384803436e-10, 8.735782480925902e-10, 1.5028708886684932e-09, 3.272563271829589e-10, -2.901186690340067e-10, -4.5519141634214637e-11, -5.7547981012982046e-11, -6.474395932931957e-11, 3.3755397463720444e-11, 1.5365429820244628e-11, 1.3370076788517267e-10, 3.504590697698988e-11, 3.941279795168712e-11, 3.561043480225524e-11, 2.9783522519587566e-11, 2.6926264924970964e-11, 2.2423959427268167e-11, 2.0890089388922153e-11, 1.699487477658681e-11, 1.5615549337262257e-11, 1.3140242691719454e-11, 1.1712112153273369e-11, 1.0628778818685239e-11, 9.069327397701606e-12, 8.31424196901925e-12, 7.313235996229033e-12, 6.730277126305062e-12, 6.3033135030074325e-12, 5.835953896992593e-12, 5.72504330073342e-12, 5.724095514042118e-12, 6.091206267895117e-12], [-1.2983231387937499e-09, -2.6860875551145097e-09, -2.669026022038735e-09, 9.301602990618903e-10, 2.5191502507180846e-09, -1.4870650383993333e-09, 2.836470891556465e-09, 1.6639302127891105e-09, 1.207971676393056e-10, -9.82738974205952e-10, -8.118629384803436e-10, 3.21223407312303e-08, -1.9460993337187367e-10, 5.536191423514863e-10, 2.507962330144384e-10, -1.1774009595317272e-11, 1.8382166323757891e-10, 7.524702417755578e-11, -2.3439383016247006e-10, 9.947147273445305e-11, 5.198696140542195e-11, 4.3142266201625535e-11, 3.2256160902034985e-11, 6.304300498834318e-12, 1.2810025195385515e-12, 2.7605367423715215e-12, 2.365157144216337e-12, 2.0367872690110345e-12, 2.116428342765033e-12, 1.52840430737379e-12, 1.612898761176959e-12, 1.25051223576676e-12, 1.1602181296894612e-12, 1.051914137304678e-12, 8.474315450653844e-13, 8.001028317887253e-13, 7.166913543483967e-13, 6.567393404771557e-13, 6.218211768488824e-13, 5.629407568273357e-13, 5.588538286553977e-13, 5.579246123466535e-13, 5.938475650067249e-13], [-1.7049041059195405e-09, 5.765628702159871e-10, 2.086026713889037e-09, -8.124200767671162e-10, -3.060895768390171e-10, 2.1902972686754553e-10, 5.501119162735251e-10, 2.2718144680287873e-09, -1.0835804956342539e-09, -1.3610948504887502e-09, 8.735782480925902e-10, -1.9460993337187367e-10, 2.6247640327156946e-08, -9.399449345412623e-11, 6.95993409595801e-10, -8.451366363151735e-10, -2.2965316859895512e-10, -1.1362105496221321e-10, 2.3955158860061153e-10, 9.800526705462117e-11, 1.9479270114101194e-10, 4.588205303719846e-11, 3.7094336315662035e-11, 2.0854209180888804e-11, 3.231634883650173e-11, 2.4574072857688326e-11, 2.3361271293648194e-11, 1.9752046897053675e-11, 1.7989268687226853e-11, 1.527990145864233e-11, 1.3726561221712374e-11, 1.1890849671696327e-11, 1.0497272894447885e-11, 9.51279754566829e-12, 8.140992031609445e-12, 7.432598592885484e-12, 6.6006511294565345e-12, 6.037812133134954e-12, 5.645402835774399e-12, 5.237212136845443e-12, 5.1338727909466405e-12, 5.137364835218536e-12, 5.465931930167984e-12], [1.404899532405339e-10, 2.7642848404172356e-09, 1.197170027074851e-09, -4.4470446782127304e-10, 2.130664186281751e-09, 1.387281072807847e-09, -1.0688641332476819e-09, 1.5741345174887809e-09, 2.2223735513845807e-10, -2.3036855882538543e-10, 1.5028708886684932e-09, 5.536191423514863e-10, -9.399449345412623e-11, 1.6595980454977586e-08, 9.751874172784193e-10, 6.058973154671008e-10, 3.5884595136866354e-10, 2.500992007488693e-10, 1.829520145935322e-10, 2.4982558907607307e-10, 1.016714386927237e-10, 6.006758817989078e-11, 4.97299181450451e-11, 2.8742975070152432e-11, 2.4604139501882533e-11, 2.1301607259254777e-11, 1.8404237142454996e-11, 1.540036429653192e-11, 1.4143967393232474e-11, 1.1689393149793702e-11, 1.0597086152381447e-11, 9.05413393758538e-12, 8.059737192396575e-12, 7.262272513601822e-12, 6.243737080398745e-12, 5.701723769241341e-12, 5.040627505527141e-12, 4.6190592640252365e-12, 4.316009308346527e-12, 4.013229404761862e-12, 3.9255011213285124e-12, 3.9329401268922504e-12, 4.183255993561898e-12], [1.0527891333840094e-09, 1.4117293123996177e-09, -1.5248111277697688e-09, 1.05128880506627e-11, -8.540243507342885e-10, -6.995266596140457e-10, 1.287222572671833e-09, 1.4859047128263172e-09, -9.664631914418982e-10, -8.873075931615802e-10, 3.272563271829589e-10, 2.507962330144384e-10, 6.95993409595801e-10, 9.751874172784193e-10, 1.1672525749316565e-08, 2.953124762768702e-10, 6.7358746354646e-10, 2.2443266860917503e-10, 2.415076590013673e-10, 1.2386744147102908e-10, 1.579398365242651e-10, 4.7448602470462136e-11, 4.0337526972022393e-11, 2.2094848037616544e-11, 1.9090081430435765e-11, 1.391597503726935e-11, 1.2703960629338583e-11, 1.0787078283656448e-11, 9.839985626923924e-12, 8.413330935488648e-12, 7.494483148041073e-12, 6.543831269955579e-12, 5.749935704784061e-12, 5.166477279402396e-12, 4.455601569474557e-12, 4.047910695607508e-12, 3.5963707523903835e-12, 3.285511878369596e-12, 3.0829800139917316e-12, 2.8546394278099428e-12, 2.797810273718862e-12, 2.8000116974376716e-12, 2.9762758506380502e-12], [4.5174029498823165e-10, 7.828146477872215e-11, -1.1867922106518307e-11, 1.0509116646373151e-09, -4.106146121029694e-10, -7.20054695887386e-10, 5.538427149884802e-10, -4.942658030865874e-10, -2.1677753809796743e-10, -6.057896666094902e-10, -2.901186690340067e-10, -1.1774009595317272e-11, -8.451366363151735e-10, 6.058973154671008e-10, 2.953124762768702e-10, 8.174651665682325e-09, 3.135295400292851e-10, 2.219757037467237e-10, 1.1347187854720251e-10, 2.0969036078760468e-10, 3.748064275441064e-11, 7.675274765292374e-11, 4.427071499635728e-11, 2.6412154119630232e-11, 1.6637872368830733e-11, 1.1375062001540679e-11, 1.0030727759713184e-11, 8.50469767002374e-12, 7.776314746299452e-12, 6.535663957338221e-12, 5.856520723028463e-12, 5.017146882059534e-12, 4.444160183784476e-12, 4.021793966553708e-12, 3.463733602153959e-12, 3.1402377555037184e-12, 2.801378449678877e-12, 2.5568360382260872e-12, 2.3833707705484575e-12, 2.22098498775593e-12, 2.16833161135085e-12, 2.177280498313044e-12, 2.31194226133973e-12], [-1.4944345858754646e-10, 4.081397430724872e-10, 2.229808067625493e-09, 1.8549952872279822e-10, -1.1269754837447012e-10, 2.772825101711317e-10, 1.165511458251957e-09, 3.9304042748955e-10, 2.97504679354677e-10, 6.159260687171178e-10, -4.5519141634214637e-11, 1.8382166323757891e-10, -2.2965316859895512e-10, 3.5884595136866354e-10, 6.7358746354646e-10, 3.135295400292851e-10, 5.4817631929755596e-09, 4.941328811263128e-10, 4.252703478159278e-10, 2.0585135613438255e-10, 8.301356986081669e-11, 6.114666765930309e-11, 3.860561650581368e-11, 1.7802183123584667e-11, 1.6152676146723462e-11, 1.1819426388955784e-11, 1.0198229879979224e-11, 8.586042350381354e-12, 7.733258762902876e-12, 6.642871627667281e-12, 5.8301331843876915e-12, 5.108063840714886e-12, 4.5129838436962515e-12, 4.0213923497986e-12, 3.5086829019620474e-12, 3.1549679122101e-12, 2.829149154853234e-12, 2.5739934076114296e-12, 2.4045982979673574e-12, 2.2396005467341607e-12, 2.18651756743302e-12, 2.1958764118873884e-12, 2.3324237558147675e-12], [-1.1347519129860255e-10, 8.911368638467881e-10, -1.5945238542010764e-10, 2.1239553990218666e-10, 2.0470378539666183e-10, 7.158301870780943e-10, 4.593908468482924e-10, 6.804609408311486e-11, 6.232264816547934e-10, 3.81111227836836e-10, -5.7547981012982046e-11, 7.524702417755578e-11, -1.1362105496221321e-10, 2.500992007488693e-10, 2.2443266860917503e-10, 2.219757037467237e-10, 4.941328811263128e-10, 2.717406915333123e-09, 2.020949835865535e-10, 1.2912270187021398e-10, 1.1220632063235484e-10, 5.345595952340003e-11, 3.145961133110965e-11, 1.1431472287383715e-11, 1.1810403719324089e-11, 9.327046323822667e-12, 7.846495558726274e-12, 6.806273588659827e-12, 6.199892013874312e-12, 5.187590701106486e-12, 4.655098002753525e-12, 4.041090738161632e-12, 3.5865303009914966e-12, 3.2307867650019616e-12, 2.77200972437982e-12, 2.524102732398608e-12, 2.238928725175501e-12, 2.0567290104961324e-12, 1.9081225665648067e-12, 1.7845818848121185e-12, 1.7419993375423347e-12, 1.7467034752257506e-12, 1.857112645002587e-12], [3.8952443188206977e-11, -6.897775205463941e-11, -5.28055640691051e-10, -1.722804333351037e-10, 4.65791460240478e-10, 3.6735530520324714e-13, -5.872016688055363e-10, -4.106204799447205e-10, 5.101405029620873e-10, 1.5729480680773306e-10, -6.474395932931957e-11, -2.3439383016247006e-10, 2.3955158860061153e-10, 1.829520145935322e-10, 2.415076590013673e-10, 1.1347187854720251e-10, 4.252703478159278e-10, 2.020949835865535e-10, 1.4933890243982295e-09, 7.724601146239065e-11, 7.067340819371482e-11, 4.12557268687038e-11, 2.8291704790348694e-11, 1.4966260050161496e-11, 1.0750523998260921e-11, 8.43636191416782e-12, 6.961422041458686e-12, 5.927208569763634e-12, 5.4023952038256475e-12, 4.472329674382398e-12, 4.031167947746288e-12, 3.467106785700288e-12, 3.0597913864696167e-12, 2.7399387258873764e-12, 2.3759560525933147e-12, 2.1531494752843818e-12, 1.9150736849828655e-12, 1.7483065872839523e-12, 1.6287537105082028e-12, 1.5192361708341532e-12, 1.482044537439818e-12, 1.48870700032849e-12, 1.5811106563277096e-12], [3.124373703988627e-10, 9.600802621805647e-11, -8.11920507366338e-10, 4.217628268754973e-10, 2.967079573951155e-10, 2.3153777370924118e-10, 3.54590749837014e-10, 1.5856498619923507e-10, 3.342943312442425e-10, 5.036276055540242e-11, 3.3755397463720444e-11, 9.947147273445305e-11, 9.800526705462117e-11, 2.4982558907607307e-10, 1.2386744147102908e-10, 2.0969036078760468e-10, 2.0585135613438255e-10, 1.2912270187021398e-10, 7.724601146239065e-11, 6.965573869425526e-10, 4.2810631023294163e-11, 4.208510970672284e-11, 3.0125334156821054e-11, 1.703284330531593e-11, 1.1372856454178614e-11, 9.0759889816759e-12, 7.869611646037267e-12, 6.645090885454464e-12, 6.0395049996098595e-12, 5.091161264685397e-12, 4.533639221130613e-12, 3.926788824929389e-12, 3.461013782622233e-12, 3.108168358041116e-12, 2.68863096248651e-12, 2.4416365361183746e-12, 2.1690208825005875e-12, 1.9796337720752314e-12, 1.8515272765047045e-12, 1.7229745284396315e-12, 1.6818250525782326e-12, 1.6876717980309097e-12, 1.7923525484887663e-12], [3.4564814210051635e-11, 2.483113236683022e-10, 1.7363973565046887e-10, 1.269271179221214e-10, 1.239202092312322e-10, -7.949337755013308e-11, 1.0997059603561732e-10, -3.7118844937295776e-11, 3.177918074586308e-11, 1.3791069544697132e-10, 1.5365429820244628e-11, 5.198696140542195e-11, 1.9479270114101194e-10, 1.016714386927237e-10, 1.579398365242651e-10, 3.748064275441064e-11, 8.301356986081669e-11, 1.1220632063235484e-10, 7.067340819371482e-11, 4.2810631023294163e-11, 2.6308830214590513e-10, 2.925296461071546e-11, 1.974673133493412e-11, 1.3787498552197246e-11, 1.0139212693789458e-11, 8.1028619181852e-12, 7.0249561085101724e-12, 5.91767735606908e-12, 5.354314897647089e-12, 4.452171674512677e-12, 4.014230843675541e-12, 3.4435890384707786e-12, 3.048197929497447e-12, 2.7351597972851425e-12, 2.357560605674563e-12, 2.1434627241343282e-12, 1.9002354143970436e-12, 1.7374987757846932e-12, 1.6218666865558353e-12, 1.5105479028603224e-12, 1.4750706419142431e-12, 1.4789112564270824e-12, 1.571673688365144e-12], [1.220910830487932e-10, 2.0436118976199238e-10, 2.617168655929376e-10, 3.5582200775281464e-11, -9.134564428154142e-11, -3.3390366854452114e-12, 6.742193095540206e-11, 9.012240282575086e-11, 4.368426772750236e-11, -7.021456979144188e-12, 1.3370076788517267e-10, 4.3142266201625535e-11, 4.588205303719846e-11, 6.006758817989078e-11, 4.7448602470462136e-11, 7.675274765292374e-11, 6.114666765930309e-11, 5.345595952340003e-11, 4.12557268687038e-11, 4.208510970672284e-11, 2.925296461071546e-11, 7.750921471428439e-11, 1.3515969509359735e-11, 9.864572012328905e-12, 6.874497469439456e-12, 5.411181150602965e-12, 4.716121042649209e-12, 3.962400244025845e-12, 3.6226613564419023e-12, 2.990631276041032e-12, 2.708550955473426e-12, 2.3146513594170454e-12, 2.052623839197973e-12, 1.8440996819107055e-12, 1.5878385403517488e-12, 1.4452078483397405e-12, 1.2794546166666984e-12, 1.1712137062555551e-12, 1.0932316203767588e-12, 1.0171133456940473e-12, 9.94185646281201e-13, 9.96148955599208e-13, 1.0589975140432371e-12], [1.216146881510393e-11, 6.768393318595344e-11, 9.910949775127022e-11, 5.7742148794108935e-11, 7.400818750173658e-11, -1.6388471987541703e-12, 1.1609059443317554e-10, 5.827018238234192e-11, 2.566029018695711e-11, 2.732804780733929e-11, 3.504590697698988e-11, 3.2256160902034985e-11, 3.7094336315662035e-11, 4.97299181450451e-11, 4.0337526972022393e-11, 4.427071499635728e-11, 3.860561650581368e-11, 3.145961133110965e-11, 2.8291704790348694e-11, 3.0125334156821054e-11, 1.974673133493412e-11, 1.3515969509359735e-11, 2.1615472980969604e-11, 7.864484069062427e-12, 5.985002285954646e-12, 4.919589099705576e-12, 4.25537579368373e-12, 3.5798074225132164e-12, 3.2666974648600347e-12, 2.7045559039424506e-12, 2.4468108409416104e-12, 2.0923574549772882e-12, 1.8532101118888424e-12, 1.6658557306339272e-12, 1.433476421488525e-12, 1.305097360485033e-12, 1.155617786280234e-12, 1.0575655804858707e-12, 9.873494746841694e-13, 9.183431924126149e-13, 8.977135772128944e-13, 8.997128826612563e-13, 9.564524904552688e-13], [4.850356008786564e-11, 7.592217335722446e-11, 6.439953732562575e-11, 2.099049784939345e-11, 2.246688890195145e-11, 3.007017633917578e-12, 7.018753613534134e-11, 7.176559781387093e-11, 5.1644427080735133e-11, 3.427625764019805e-11, 3.941279795168712e-11, 6.304300498834318e-12, 2.0854209180888804e-11, 2.8742975070152432e-11, 2.2094848037616544e-11, 2.6412154119630232e-11, 1.7802183123584667e-11, 1.1431472287383715e-11, 1.4966260050161496e-11, 1.703284330531593e-11, 1.3787498552197246e-11, 9.864572012328905e-12, 7.864484069062427e-12, 7.895243729063315e-12, 5.0286684258317056e-12, 4.197061446611634e-12, 3.669706145079391e-12, 3.0905707047127935e-12, 2.825969860002383e-12, 2.341359518383221e-12, 2.1164816422149348e-12, 1.8100944798180134e-12, 1.6035253155791698e-12, 1.4426236241108235e-12, 1.2403314601434792e-12, 1.130114569270743e-12, 1.0008230695413805e-12, 9.157405069990437e-13, 8.553051573095977e-13, 7.952589113977988e-13, 7.776802542773486e-13, 7.791338155578151e-13, 8.283343212592202e-13], [1.194898942717e-11, 5.13239947801125e-11, 7.925453110948963e-11, 2.708401601969379e-11, 2.07332935788292e-11, -1.3200773670148983e-11, 5.179845083516906e-11, 5.108885011617352e-11, 3.1442084397985716e-11, 2.1198891375142093e-11, 3.561043480225524e-11, 1.2810025195385515e-12, 3.231634883650173e-11, 2.4604139501882533e-11, 1.9090081430435765e-11, 1.6637872368830733e-11, 1.6152676146723462e-11, 1.1810403719324089e-11, 1.0750523998260921e-11, 1.1372856454178614e-11, 1.0139212693789458e-11, 6.874497469439456e-12, 5.985002285954646e-12, 5.0286684258317056e-12, 4.265852408969363e-12, 3.4575441090896577e-12, 3.030487839531896e-12, 2.557915051267978e-12, 2.3399138106187458e-12, 1.940343445664504e-12, 1.7556144678959118e-12, 1.5005738917350211e-12, 1.3304124883027154e-12, 1.197128786100955e-12, 1.0293811237181756e-12, 9.380109273224155e-13, 8.307243691383711e-13, 7.602511394865466e-13, 7.099976976555424e-13, 6.602092067105845e-13, 6.456441532113116e-13, 6.468425178574467e-13, 6.877225264209975e-13], [1.2501107205727599e-11, 4.2002592704276845e-11, 5.4231308661417594e-11, 2.005239315905163e-11, 2.101077020572746e-11, -8.37713007956722e-12, 4.51929438751708e-11, 4.0331938661183143e-11, 2.939316489910015e-11, 1.5716772354179532e-11, 2.9783522519587566e-11, 2.7605367423715215e-12, 2.4574072857688326e-11, 2.1301607259254777e-11, 1.391597503726935e-11, 1.1375062001540679e-11, 1.1819426388955784e-11, 9.327046323822667e-12, 8.43636191416782e-12, 9.0759889816759e-12, 8.1028619181852e-12, 5.411181150602965e-12, 4.919589099705576e-12, 4.197061446611634e-12, 3.4575441090896577e-12, 2.9392895879574905e-12, 2.5639542532651664e-12, 2.166652995298003e-12, 1.984531695480721e-12, 1.6449614544569953e-12, 1.4896665483328686e-12, 1.2726434192502345e-12, 1.1287608587653329e-12, 1.0159539428588789e-12, 8.733811217234979e-13, 7.961418830834394e-13, 7.049108177554402e-13, 6.452400956728968e-13, 6.025699124591027e-13, 5.603133736623507e-13, 5.479947037293323e-13, 5.489844703103246e-13, 5.837043736754769e-13], [1.0989057522132378e-11, 3.552793939606136e-11, 5.055827363857903e-11, 1.9154651284250284e-11, 1.548386150975245e-11, -6.783680754670053e-12, 3.874132648546838e-11, 3.682201614946571e-11, 2.412962869290833e-11, 1.4340578204144816e-11, 2.6926264924970964e-11, 2.365157144216337e-12, 2.3361271293648194e-11, 1.8404237142454996e-11, 1.2703960629338583e-11, 1.0030727759713184e-11, 1.0198229879979224e-11, 7.846495558726274e-12, 6.961422041458686e-12, 7.869611646037267e-12, 7.0249561085101724e-12, 4.716121042649209e-12, 4.25537579368373e-12, 3.669706145079391e-12, 3.030487839531896e-12, 2.5639542532651664e-12, 2.263097953707376e-12, 1.9080341408235465e-12, 1.748012593815096e-12, 1.4508778027961228e-12, 1.3125996882312177e-12, 1.123165342333545e-12, 9.954839011972922e-13, 8.961138109170104e-13, 7.703819910126434e-13, 7.022470759672335e-13, 6.2190223638514e-13, 5.691590160310212e-13, 5.316610990085331e-13, 4.943062056842174e-13, 4.834731071402831e-13, 4.843064920010792e-13, 5.149482564095297e-13], [9.755196972686745e-12, 3.0059225085517256e-11, 4.2857629023662525e-11, 1.6171318939051e-11, 1.4810229155144627e-11, -4.470630661643397e-12, 3.3663195030973945e-11, 3.0385820214111296e-11, 2.0974461164623136e-11, 1.1946363165973083e-11, 2.2423959427268167e-11, 2.0367872690110345e-12, 1.9752046897053675e-11, 1.540036429653192e-11, 1.0787078283656448e-11, 8.50469767002374e-12, 8.586042350381354e-12, 6.806273588659827e-12, 5.927208569763634e-12, 6.645090885454464e-12, 5.91767735606908e-12, 3.962400244025845e-12, 3.5798074225132164e-12, 3.0905707047127935e-12, 2.557915051267978e-12, 2.166652995298003e-12, 1.9080341408235465e-12, 1.6137653810247012e-12, 1.4784878852428207e-12, 1.226715460791796e-12, 1.1106759587203264e-12, 9.497378206643753e-13, 8.421590769730721e-13, 7.581149716815781e-13, 6.517909335886038e-13, 5.941755002636109e-13, 5.261548520693729e-13, 4.815889815071065e-13, 4.4980996910365456e-13, 4.1824744369171466e-13, 4.0906039833057863e-13, 4.097974325493589e-13, 4.3571309602595447e-13], [9.531473530621516e-12, 2.8387556748987613e-11, 3.964315767176793e-11, 1.528498206583756e-11, 1.3821726907462215e-11, -4.318688198525923e-12, 3.180224169668788e-11, 2.8731325164694416e-11, 1.960998581147818e-11, 1.1242648483353196e-11, 2.0890089388922153e-11, 2.116428342765033e-12, 1.7989268687226853e-11, 1.4143967393232474e-11, 9.839985626923924e-12, 7.776314746299452e-12, 7.733258762902876e-12, 6.199892013874312e-12, 5.4023952038256475e-12, 6.0395049996098595e-12, 5.354314897647089e-12, 3.6226613564419023e-12, 3.2666974648600347e-12, 2.825969860002383e-12, 2.3399138106187458e-12, 1.984531695480721e-12, 1.748012593815096e-12, 1.4784878852428207e-12, 1.3570880389000782e-12, 1.1245024997957778e-12, 1.0194219098730957e-12, 8.709959468605038e-13, 7.727271752876549e-13, 6.958414191274455e-13, 5.979476863452973e-13, 5.453753169799363e-13, 4.827206843329762e-13, 4.4196253605604983e-13, 4.1279859200093353e-13, 3.8380932872252836e-13, 3.7543154599066176e-13, 3.7604779805541055e-13, 3.998639027847019e-13], [7.34698447498236e-12, 2.306001948049276e-11, 3.195355225121264e-11, 1.2236334006030164e-11, 1.0877704573275428e-11, -3.1248513608774848e-12, 2.5330821435009867e-11, 2.3721477344377674e-11, 1.5672504521968076e-11, 9.126749238931599e-12, 1.699487477658681e-11, 1.52840430737379e-12, 1.527990145864233e-11, 1.1689393149793702e-11, 8.413330935488648e-12, 6.535663957338221e-12, 6.642871627667281e-12, 5.187590701106486e-12, 4.472329674382398e-12, 5.091161264685397e-12, 4.452171674512677e-12, 2.990631276041032e-12, 2.7045559039424506e-12, 2.341359518383221e-12, 1.940343445664504e-12, 1.6449614544569953e-12, 1.4508778027961228e-12, 1.226715460791796e-12, 1.1245024997957778e-12, 9.34011465241227e-13, 8.451829388905741e-13, 7.231394753455676e-13, 6.410867197864361e-13, 5.77153862585253e-13, 4.962318495151491e-13, 4.523456591973198e-13, 4.006271375721284e-13, 3.666627672977324e-13, 3.4249564467601397e-13, 3.1844562312780635e-13, 3.1146467085891725e-13, 3.1201466565604676e-13, 3.317527346701933e-13], [7.595634768968696e-12, 2.122376338075124e-11, 2.974825732486387e-11, 1.1564083182487892e-11, 1.0314391820930185e-11, -3.214785116746596e-12, 2.3913539570179033e-11, 2.151996500619714e-11, 1.476898595773139e-11, 8.504870426727291e-12, 1.5615549337262257e-11, 1.612898761176959e-12, 1.3726561221712374e-11, 1.0597086152381447e-11, 7.494483148041073e-12, 5.856520723028463e-12, 5.8301331843876915e-12, 4.655098002753525e-12, 4.031167947746288e-12, 4.533639221130613e-12, 4.014230843675541e-12, 2.708550955473426e-12, 2.4468108409416104e-12, 2.1164816422149348e-12, 1.7556144678959118e-12, 1.4896665483328686e-12, 1.3125996882312177e-12, 1.1106759587203264e-12, 1.0194219098730957e-12, 8.451829388905741e-13, 7.662708640092384e-13, 6.546988442843389e-13, 5.808590144898038e-13, 5.230666744885469e-13, 4.495143515703194e-13, 4.0997971481234096e-13, 3.6290479597439973e-13, 3.322558703279797e-13, 3.103379247271965e-13, 2.885411723016778e-13, 2.822445139228935e-13, 2.827103352448205e-13, 3.006143554552707e-13], [5.8298182397846935e-12, 1.778439355060532e-11, 2.4815000287627434e-11, 9.412683959339526e-12, 8.093067021506067e-12, -2.602109622991094e-12, 2.001754046335541e-11, 1.8313340215435583e-11, 1.2332936188205798e-11, 7.212542128715943e-12, 1.3140242691719454e-11, 1.25051223576676e-12, 1.1890849671696327e-11, 9.05413393758538e-12, 6.543831269955579e-12, 5.017146882059534e-12, 5.108063840714886e-12, 4.041090738161632e-12, 3.467106785700288e-12, 3.926788824929389e-12, 3.4435890384707786e-12, 2.3146513594170454e-12, 2.0923574549772882e-12, 1.8100944798180134e-12, 1.5005738917350211e-12, 1.2726434192502345e-12, 1.123165342333545e-12, 9.497378206643753e-13, 8.709959468605038e-13, 7.231394753455676e-13, 6.546988442843389e-13, 5.601762401319097e-13, 4.966415051953685e-13, 4.471537392729878e-13, 3.8441183642727264e-13, 3.5047688271963166e-13, 3.103544833833826e-13, 2.8407193583939936e-13, 2.6535367226667126e-13, 2.467145096458169e-13, 2.4131523206531685e-13, 2.417329422917012e-13, 2.5702987806683326e-13], [5.524330564287944e-12, 1.59737335964093e-11, 2.2471834608907052e-11, 8.545474722509992e-12, 7.560631919323505e-12, -2.408789977220417e-12, 1.8057034685763137e-11, 1.6320506603861667e-11, 1.107776242391906e-11, 6.455562152413818e-12, 1.1712112153273369e-11, 1.1602181296894612e-12, 1.0497272894447885e-11, 8.059737192396575e-12, 5.749935704784061e-12, 4.444160183784476e-12, 4.5129838436962515e-12, 3.5865303009914966e-12, 3.0597913864696167e-12, 3.461013782622233e-12, 3.048197929497447e-12, 2.052623839197973e-12, 1.8532101118888424e-12, 1.6035253155791698e-12, 1.3304124883027154e-12, 1.1287608587653329e-12, 9.954839011972922e-13, 8.421590769730721e-13, 7.727271752876549e-13, 6.410867197864361e-13, 5.808590144898038e-13, 4.966415051953685e-13, 4.405135875445094e-13, 3.966518344711919e-13, 3.409288476141561e-13, 3.108985100487441e-13, 2.75249111885513e-13, 2.5197550022176375e-13, 2.353632118486853e-13, 2.1883136867050248e-13, 2.1405084215346338e-13, 2.1441145785381064e-13, 2.2798593775996387e-13], [5.078576387614546e-12, 1.4433497776950664e-11, 2.0214280367939087e-11, 7.80190699593794e-12, 6.795216348663388e-12, -2.2094103960097258e-12, 1.626720658843182e-11, 1.4843544546777462e-11, 1.002161478274057e-11, 5.825323752767356e-12, 1.0628778818685239e-11, 1.051914137304678e-12, 9.51279754566829e-12, 7.262272513601822e-12, 5.166477279402396e-12, 4.021793966553708e-12, 4.0213923497986e-12, 3.2307867650019616e-12, 2.7399387258873764e-12, 3.108168358041116e-12, 2.7351597972851425e-12, 1.8440996819107055e-12, 1.6658557306339272e-12, 1.4426236241108235e-12, 1.197128786100955e-12, 1.0159539428588789e-12, 8.961138109170104e-13, 7.581149716815781e-13, 6.958414191274455e-13, 5.77153862585253e-13, 5.230666744885469e-13, 4.471537392729878e-13, 3.966518344711919e-13, 3.572142396674317e-13, 3.0697023198277205e-13, 2.7997705890183366e-13, 2.4784327323818143e-13, 2.2690369763022934e-13, 2.1194668161569032e-13, 1.9705405668207267e-13, 1.9275772857223438e-13, 1.9307315553348787e-13, 2.0530169255763256e-13], [4.235634570885002e-12, 1.2333306397844072e-11, 1.738630431662794e-11, 6.580114891598886e-12, 5.784946523613144e-12, -1.7936763752073115e-12, 1.3923270522780444e-11, 1.2578664862587904e-11, 8.461048844502702e-12, 4.978789174508926e-12, 9.069327397701606e-12, 8.474315450653844e-13, 8.140992031609445e-12, 6.243737080398745e-12, 4.455601569474557e-12, 3.463733602153959e-12, 3.5086829019620474e-12, 2.77200972437982e-12, 2.3759560525933147e-12, 2.68863096248651e-12, 2.357560605674563e-12, 1.5878385403517488e-12, 1.433476421488525e-12, 1.2403314601434792e-12, 1.0293811237181756e-12, 8.733811217234979e-13, 7.703819910126434e-13, 6.517909335886038e-13, 5.979476863452973e-13, 4.962318495151491e-13, 4.495143515703194e-13, 3.8441183642727264e-13, 3.409288476141561e-13, 3.0697023198277205e-13, 2.6390041857166307e-13, 2.406167229701034e-13, 2.130510791679645e-13, 1.9502434261180487e-13, 1.8216748933847617e-13, 1.6937495492398035e-13, 1.656693008243309e-13, 1.6595571975753692e-13, 1.7645854292791993e-13], [4.0099754024076275e-12, 1.1314675694412142e-11, 1.594386861689151e-11, 6.132872029347704e-12, 5.32757231043333e-12, -1.6383335279038928e-12, 1.2838302313556201e-11, 1.1600148441050462e-11, 7.838876417881982e-12, 4.601355211291873e-12, 8.31424196901925e-12, 8.001028317887253e-13, 7.432598592885484e-12, 5.701723769241341e-12, 4.047910695607508e-12, 3.1402377555037184e-12, 3.1549679122101e-12, 2.524102732398608e-12, 2.1531494752843818e-12, 2.4416365361183746e-12, 2.1434627241343282e-12, 1.4452078483397405e-12, 1.305097360485033e-12, 1.130114569270743e-12, 9.380109273224155e-13, 7.961418830834394e-13, 7.022470759672335e-13, 5.941755002636109e-13, 5.453753169799363e-13, 4.523456591973198e-13, 4.0997971481234096e-13, 3.5047688271963166e-13, 3.108985100487441e-13, 2.7997705890183366e-13, 2.406167229701034e-13, 2.1945766379061713e-13, 1.9426373028240463e-13, 1.778539654664622e-13, 1.66129551723676e-13, 1.5445804599722164e-13, 1.5108878756046077e-13, 1.5133827842539546e-13, 1.6092244193118665e-13], [3.403724320257604e-12, 9.979773426913626e-12, 1.4063936141990115e-11, 5.2739348565050104e-12, 4.680260068353189e-12, -1.4559979070965182e-12, 1.1215580931716266e-11, 1.0195730382303148e-11, 6.870708410478429e-12, 4.0038869655762735e-12, 7.313235996229033e-12, 7.166913543483967e-13, 6.6006511294565345e-12, 5.040627505527141e-12, 3.5963707523903835e-12, 2.801378449678877e-12, 2.829149154853234e-12, 2.238928725175501e-12, 1.9150736849828655e-12, 2.1690208825005875e-12, 1.9002354143970436e-12, 1.2794546166666984e-12, 1.155617786280234e-12, 1.0008230695413805e-12, 8.307243691383711e-13, 7.049108177554402e-13, 6.2190223638514e-13, 5.261548520693729e-13, 4.827206843329762e-13, 4.006271375721284e-13, 3.6290479597439973e-13, 3.103544833833826e-13, 2.75249111885513e-13, 2.4784327323818143e-13, 2.130510791679645e-13, 1.9426373028240463e-13, 1.720120842940641e-13, 1.5745580785622647e-13, 1.4707747100759465e-13, 1.36747078197071e-13, 1.33757837924192e-13, 1.3398634039575876e-13, 1.4246732116763104e-13], [3.22646640842938e-12, 9.145817987810965e-12, 1.2895093337740739e-11, 4.926584036373938e-12, 4.3307939853902074e-12, -1.3246944968898975e-12, 1.0324344808606643e-11, 9.385645094914204e-12, 6.331037463170703e-12, 3.710345559631366e-12, 6.730277126305062e-12, 6.567393404771557e-13, 6.037812133134954e-12, 4.6190592640252365e-12, 3.285511878369596e-12, 2.5568360382260872e-12, 2.5739934076114296e-12, 2.0567290104961324e-12, 1.7483065872839523e-12, 1.9796337720752314e-12, 1.7374987757846932e-12, 1.1712137062555551e-12, 1.0575655804858707e-12, 9.157405069990437e-13, 7.602511394865466e-13, 6.452400956728968e-13, 5.691590160310212e-13, 4.815889815071065e-13, 4.4196253605604983e-13, 3.666627672977324e-13, 3.322558703279797e-13, 2.8407193583939936e-13, 2.5197550022176375e-13, 2.2690369763022934e-13, 1.9502434261180487e-13, 1.778539654664622e-13, 1.5745580785622647e-13, 1.4414813708640188e-13, 1.346423198288167e-13, 1.2518568831604657e-13, 1.224525881184841e-13, 1.2265782994677802e-13, 1.304243731535159e-13], [2.9997322332032045e-12, 8.543320200783328e-12, 1.2051112767609766e-11, 4.585737402823999e-12, 3.987245973284298e-12, -1.2503380215238589e-12, 9.68109266230954e-12, 8.77760910722936e-12, 5.8967934340425994e-12, 3.463856402264541e-12, 6.3033135030074325e-12, 6.218211768488824e-13, 5.645402835774399e-12, 4.316009308346527e-12, 3.0829800139917316e-12, 2.3833707705484575e-12, 2.4045982979673574e-12, 1.9081225665648067e-12, 1.6287537105082028e-12, 1.8515272765047045e-12, 1.6218666865558353e-12, 1.0932316203767588e-12, 9.873494746841694e-13, 8.553051573095977e-13, 7.099976976555424e-13, 6.025699124591027e-13, 5.316610990085331e-13, 4.4980996910365456e-13, 4.1279859200093353e-13, 3.4249564467601397e-13, 3.103379247271965e-13, 2.6535367226667126e-13, 2.353632118486853e-13, 2.1194668161569032e-13, 1.8216748933847617e-13, 1.66129551723676e-13, 1.4707747100759465e-13, 1.346423198288167e-13, 1.25