Covariance Matrix: 
[[1.0356096210722965e-07,
  7.126282847507304e-09,
  3.6743938412293222e-09,
  -6.227818355256738e-10,
  1.9271948020448175e-09,
  -9.548300233516436e-09,
  1.219787298094176e-09,
  1.665286087069636e-09,
  1.402027004438041e-09,
  8.399039874200251e-10,
  1.5392078254430413e-09,
  -1.3127963568472437e-09,
  -1.7400693239001626e-09,
  -3.6987705425922696e-11,
  1.0777270224697832e-09,
  4.4744872532808056e-10,
  -2.2865992537331702e-10,
  -1.608395068566537e-10,
  3.653054661190247e-12,
  3.0496286763907424e-10,
  5.687156661023221e-11,
  1.2266034225327557e-10,
  1.5780644394594555e-11,
  4.570582770901883e-11,
  1.0163047686727983e-11,
  1.0185562144925012e-11,
  9.273619809071166e-12,
  8.901936599480021e-12,
  9.069182279747231e-12,
  6.783965038632958e-12,
  7.059644265597318e-12,
  5.497742869546427e-12,
  5.225018095996079e-12,
  4.788418901390748e-12,
  4.047791001537744e-12,
  3.8394969824230375e-12,
  3.2408991870107037e-12,
  3.0671875852093885e-12,
  2.855752465936465e-12,
  2.652871100323524e-12,
  2.6129564668852917e-12,
  2.6051439192747496e-12,
  2.7800356646554896e-12],
 [7.126282847507304e-09,
  1.3021721233853338e-07,
  6.492895335526349e-09,
  -5.6798508491793705e-09,
  -9.024628668924471e-10,
  6.1219601507828155e-09,
  4.00674216635406e-09,
  7.0680532924105075e-09,
  -2.3495752307603826e-09,
  3.4686855819908094e-10,
  1.595162624991087e-09,
  -2.7939758595467436e-09,
  5.995775298506064e-10,
  2.63575685568151e-09,
  1.497161801298979e-09,
  5.383513539314424e-11,
  3.11018195203358e-10,
  8.507874021811354e-10,
  -6.233333689546672e-11,
  4.733621301183224e-11,
  2.4276930134310884e-10,
  1.962017353243437e-10,
  7.042729334297693e-11,
  6.880909526778267e-11,
  4.773529624228663e-11,
  3.8193570978133396e-11,
  3.3164593390106584e-11,
  2.8892556811434333e-11,
  2.7230991108852473e-11,
  2.215274632080876e-11,
  2.0575608439713775e-11,
  1.7281720429705243e-11,
  1.5510631551476234e-11,
  1.4040964487693604e-11,
  1.199873290441399e-11,
  1.1013678512194432e-11,
  9.7034385246958e-12,
  8.913113477288923e-12,
  8.337655011208918e-12,
  7.720978457273712e-12,
  7.590541586839728e-12,
  7.564061505534835e-12,
  8.065195723211972e-12],
 [3.6743938412293222e-09,
  6.492895335526349e-09,
  1.87340190315577e-07,
  1.0959742978969194e-08,
  5.930873796805264e-10,
  5.685354871180036e-09,
  4.209140348628511e-09,
  -2.206678169103682e-09,
  2.5865818427704214e-11,
  4.5013026052481365e-09,
  2.29984593965638e-09,
  -2.7320131224719674e-09,
  2.145626317903251e-09,
  1.3171415305005304e-09,
  -1.4764440087002106e-09,
  7.999454026112557e-12,
  2.199183309173404e-09,
  -1.8625775959278329e-10,
  -5.247812420914561e-10,
  -8.290399538308674e-10,
  1.135389461898109e-10,
  2.405365955660489e-10,
  8.559270413306668e-11,
  5.695174596152629e-11,
  7.761720469668209e-11,
  5.3723225216232286e-11,
  4.97000904735793e-11,
  4.259483594963226e-11,
  3.9506570893409454e-11,
  3.179732321792284e-11,
  2.9847332399911754e-11,
  2.4893106040325395e-11,
  2.2490348566572706e-11,
  2.022744919030009e-11,
  1.7374994351271228e-11,
  1.590647815977852e-11,
  1.4029045718130522e-11,
  1.2870761546215768e-11,
  1.2033845874743397e-11,
  1.1197229628250114e-11,
  1.0949040042514636e-11,
  1.0964777123354226e-11,
  1.1658500561944385e-11],
 [-6.227818355256738e-10,
  -5.6798508491793705e-09,
  1.0959742978969194e-08,
  7.721012767790201e-08,
  4.3279097861836446e-09,
  3.49103519363633e-09,
  -3.011626567803047e-10,
  2.2313739947582383e-09,
  1.6258929921252608e-09,
  1.0661159810633677e-09,
  3.0245095792218358e-09,
  9.032118783401085e-10,
  -7.564515170543116e-10,
  -4.566245353858778e-10,
  -1.2468195935686526e-10,
  1.0398238121802227e-09,
  1.3927708242376322e-10,
  1.645375317378544e-10,
  -2.1778745106799e-10,
  4.007266963726985e-10,
  1.3174754653545648e-10,
  1.7236734274122354e-11,
  4.9982943446434324e-11,
  1.9553695264074205e-11,
  2.4856292881810745e-11,
  1.8556568195648647e-11,
  1.7481809031829213e-11,
  1.4874078144547784e-11,
  1.4311805872485694e-11,
  1.1210841045587386e-11,
  1.0920658614744028e-11,
  8.834091058752107e-12,
  8.0849012752452e-12,
  7.375584824792946e-12,
  6.1844019006118734e-12,
  5.814721161662292e-12,
  4.98323671599982e-12,
  4.661203509959457e-12,
  4.343509208297939e-12,
  4.0278839838207425e-12,
  3.960607603167959e-12,
  3.948962603344395e-12,
  4.210717076566513e-12],
 [1.9271948020448175e-09,
  -9.024628668924471e-10,
  5.930873796805264e-10,
  4.3279097861836446e-09,
  9.686470179503238e-08,
  2.153331673402798e-09,
  -2.0395664667928103e-09,
  -1.4975413907565023e-09,
  -3.5620676080667356e-10,
  -7.389480236180208e-10,
  -9.401172869157315e-10,
  2.527902251566243e-09,
  -3.916205635844154e-10,
  2.1044818771398616e-09,
  -8.715900984984092e-10,
  -3.5819095683811107e-10,
  -7.7132641371545e-11,
  2.0421192512027716e-10,
  4.5817685936359845e-10,
  3.2183535043095677e-10,
  1.325915625490645e-10,
  -8.863235458893443e-11,
  7.364606280118357e-11,
  2.323842442980057e-11,
  2.2130249449521986e-11,
  2.2229632533583803e-11,
  1.6165061878435938e-11,
  1.5032807613068598e-11,
  1.4211090889603462e-11,
  1.125639365468993e-11,
  1.0840724552305032e-11,
  8.586579513215035e-12,
  7.960056957217506e-12,
  7.197278841247083e-12,
  6.140383069570734e-12,
  5.648592280970923e-12,
  4.963406427674259e-12,
  4.59691190902254e-12,
  4.231730469716732e-12,
  3.959972180411696e-12,
  3.878082460405851e-12,
  3.881030607710417e-12,
  4.1336814637347e-12],
 [-9.548300233516436e-09,
  6.1219601507828155e-09,
  5.685354871180036e-09,
  3.49103519363633e-09,
  2.153331673402798e-09,
  1.1261588730508696e-07,
  -1.8438506073751812e-09,
  8.064328586443889e-10,
  -2.3175962152096077e-09,
  -1.7823896308480436e-09,
  -9.003018827449458e-10,
  -1.5120256723419739e-09,
  3.292774527522781e-10,
  1.5193960615293523e-09,
  -6.6678615560347e-10,
  -7.22578709617309e-10,
  1.9844838160052616e-10,
  7.334106033623702e-10,
  -6.148296126553367e-12,
  2.1490007302957492e-10,
  -8.323435597873143e-11,
  -4.428464771751172e-12,
  2.3866588316029817e-12,
  1.9062136979414588e-12,
  -1.494232423844263e-11,
  -1.0571787422714344e-11,
  -8.223093720551213e-12,
  -6.134169619038669e-12,
  -5.850273443059633e-12,
  -4.2119417184747644e-12,
  -3.958412793629267e-12,
  -3.209508148631152e-12,
  -2.880122607164872e-12,
  -2.571245026762948e-12,
  -2.1344638635102953e-12,
  -1.960818534766074e-12,
  -1.7297559827587607e-12,
  -1.5790958442684864e-12,
  -1.4813669008037728e-12,
  -1.343331032748719e-12,
  -1.3461171038224871e-12,
  -1.3130316973268423e-12,
  -1.4158620940462912e-12],
 [1.219787298094176e-09,
  4.00674216635406e-09,
  4.209140348628511e-09,
  -3.011626567803047e-10,
  -2.0395664667928103e-09,
  -1.8438506073751812e-09,
  1.1391692681792565e-07,
  6.705452246658024e-09,
  3.5310540215930724e-09,
  2.7864597758667863e-09,
  1.2116167704747384e-10,
  2.8144994669746536e-09,
  5.472951289623422e-10,
  -1.04408522171349e-09,
  1.2818616119821029e-09,
  4.942790249046333e-10,
  1.043849487614842e-09,
  4.471492220616539e-10,
  -6.221467143595332e-10,
  3.356702319927245e-10,
  8.736236720670138e-11,
  4.7185969281897634e-11,
  1.049117747998284e-10,
  6.439558604791386e-11,
  4.6699905579674015e-11,
  4.082583337375221e-11,
  3.535314616915214e-11,
  3.116995750207118e-11,
  2.977283118376277e-11,
  2.3753589077740844e-11,
  2.2508431646125366e-11,
  1.8716388721510797e-11,
  1.696050697068865e-11,
  1.5348591990289868e-11,
  1.3108158619435259e-11,
  1.2109926116085451e-11,
  1.0559235002920858e-11,
  9.739954389011946e-12,
  9.139288381278124e-12,
  8.47839086583237e-12,
  8.31079416415024e-12,
  8.30062947199683e-12,
  8.838810259421172e-12],
 [1.665286087069636e-09,
  7.0680532924105075e-09,
  -2.206678169103682e-09,
  2.2313739947582383e-09,
  -1.4975413907565023e-09,
  8.064328586443889e-10,
  6.705452246658024e-09,
  6.083504506235473e-08,
  5.854519436886982e-11,
  -2.802285624635415e-10,
  3.4215587822404123e-09,
  1.6708341901681807e-09,
  2.3134496354015067e-09,
  1.5009116109385872e-09,
  1.445145603323617e-09,
  -5.90608350026126e-10,
  3.492092061389286e-10,
  7.935853776309526e-11,
  -4.1543653000384837e-10,
  1.6742345891153556e-10,
  -3.060134777525958e-11,
  7.742230218548579e-11,
  5.550135296592897e-11,
  7.015569581415024e-11,
  5.1218050292666663e-11,
  4.049085041163021e-11,
  3.7233964581568766e-11,
  3.06325776007978e-11,
  2.901285169528142e-11,
  2.384302306659309e-11,
  2.181773429969692e-11,
  1.863306730396592e-11,
  1.66101210719489e-11,
  1.508038146432753e-11,
  1.2779856966403738e-11,
  1.180360366471852e-11,
  1.036655377729407e-11,
  9.543186781680174e-12,
  8.920845316214939e-12,
  8.269427566287078e-12,
  8.121506618032228e-12,
  8.106338636762297e-12,
  8.636565914528966e-12],
 [1.402027004438041e-09,
  -2.3495752307603826e-09,
  2.5865818427704214e-11,
  1.6258929921252608e-09,
  -3.5620676080667356e-10,
  -2.3175962152096077e-09,
  3.5310540215930724e-09,
  5.854519436886982e-11,
  5.7671486084548596e-08,
  1.5347776267945572e-09,
  1.8578015528296544e-09,
  9.574238674059425e-11,
  -1.0417253370340866e-09,
  2.1035977622983403e-10,
  -9.15787907709589e-10,
  -2.037084824362825e-10,
  2.9189422662973313e-10,
  6.051902653604863e-10,
  5.131335787213165e-10,
  3.264987070907173e-10,
  2.2546765684094557e-11,
  3.562328649240762e-11,
  2.0286427937662998e-11,
  4.9674406436866566e-11,
  2.8621610514163484e-11,
  2.6943942885044782e-11,
  2.229182075239157e-11,
  1.954172964344924e-11,
  1.855607481152096e-11,
  1.4805730206312773e-11,
  1.397386879930749e-11,
  1.1620666909712456e-11,
  1.04751866368707e-11,
  9.523784526091548e-12,
  8.041954025386276e-12,
  7.454402355871345e-12,
  6.522842970422806e-12,
  6.021215288284733e-12,
  5.60995312913165e-12,
  5.218137177514141e-12,
  5.122757528698952e-12,
  5.105145358153663e-12,
  5.445959906087504e-12],
 [8.399039874200251e-10,
  3.4686855819908094e-10,
  4.5013026052481365e-09,
  1.0661159810633677e-09,
  -7.389480236180208e-10,
  -1.7823896308480436e-09,
  2.7864597758667863e-09,
  -2.802285624635415e-10,
  1.5347776267945572e-09,
  5.092772024940774e-08,
  1.314017104334477e-09,
  -8.279509200732744e-10,
  -1.429268486194354e-09,
  -1.4798215673262983e-10,
  -8.461753870729135e-10,
  -6.437280802612088e-10,
  6.410036672638514e-10,
  4.248169441692681e-10,
  1.9011924400890436e-10,
  5.043622883556776e-11,
  1.348834380041797e-10,
  -5.919303316214824e-12,
  2.6507831996473496e-11,
  3.290309007929507e-11,
  1.9306174132514367e-11,
  1.5816482722274037e-11,
  1.4198019067520038e-11,
  1.2058365318353318e-11,
  1.1271605881395923e-11,
  9.274999498781293e-12,
  8.627766179732946e-12,
  7.2603912128616575e-12,
  6.516143217697456e-12,
  5.8994207376199056e-12,
  5.027631860765815e-12,
  4.6472689065053514e-12,
  4.058352779483925e-12,
  3.76011770349802e-12,
  3.5052549463633213e-12,
  3.2415213396872037e-12,
  3.1993146911598743e-12,
  3.1781473167452543e-12,
  3.397730607760431e-12],
 [1.5392078254430413e-09,
  1.595162624991087e-09,
  2.29984593965638e-09,
  3.0245095792218358e-09,
  -9.401172869157315e-10,
  -9.003018827449458e-10,
  1.2116167704747384e-10,
  3.4215587822404123e-09,
  1.8578015528296544e-09,
  1.314017104334477e-09,
  4.0361538219510924e-08,
  -8.659019895911926e-10,
  8.291698389208078e-10,
  1.4962245283763972e-09,
  3.3437002775141175e-10,
  -3.05645603256052e-10,
  -5.4379594831469843e-11,
  -4.235318018484215e-11,
  -5.5793358370872317e-11,
  4.1882396530603355e-11,
  1.9026361104495928e-11,
  1.3547469500294438e-10,
  3.4259090827829055e-11,
  4.132922362553823e-11,
  3.672445537220315e-11,
  3.044224948865484e-11,
  2.7246522823408173e-11,
  2.2961245000354446e-11,
  2.129261711479009e-11,
  1.7421967379026517e-11,
  1.604128817675202e-11,
  1.3533790479754972e-11,
  1.2116833766979248e-11,
  1.095020487022223e-11,
  9.358632808233487e-12,
  8.592437649619917e-12,
  7.555147901312483e-12,
  6.938984471163956e-12,
  6.502658128738631e-12,
  6.022347703642461e-12,
  5.9064331718648705e-12,
  5.90499280810974e-12,
  6.2833187672999e-12],
 [-1.3127963568472437e-09,
  -2.7939758595467436e-09,
  -2.7320131224719674e-09,
  9.032118783401085e-10,
  2.527902251566243e-09,
  -1.5120256723419739e-09,
  2.8144994669746536e-09,
  1.6708341901681807e-09,
  9.574238674059425e-11,
  -8.279509200732744e-10,
  -8.659019895911926e-10,
  3.228227785723633e-08,
  -1.8698853471481336e-10,
  5.756568586664438e-10,
  2.2620816306429387e-10,
  -1.1507387890629447e-10,
  1.7134844975653358e-10,
  5.0124550152594454e-11,
  -2.3996499625160506e-10,
  9.324428625945502e-11,
  4.3070168765325145e-11,
  4.291413103741526e-11,
  3.575456964470054e-11,
  7.541646688406558e-12,
  2.966860783434613e-12,
  3.860225346950798e-12,
  3.121061358531149e-12,
  2.660412454262224e-12,
  2.6781269213993586e-12,
  1.9563938432686297e-12,
  1.974389894543557e-12,
  1.5868140125989764e-12,
  1.46332196018195e-12,
  1.3505261963387953e-12,
  1.1137389975429251e-12,
  1.0344648257608729e-12,
  9.200858413662337e-13,
  8.373914743262762e-13,
  7.940976193762523e-13,
  7.274262205731588e-13,
  7.16180401087862e-13,
  7.162873998116655e-13,
  7.615600331609163e-13],
 [-1.7400693239001626e-09,
  5.995775298506064e-10,
  2.145626317903251e-09,
  -7.564515170543116e-10,
  -3.916205635844154e-10,
  3.292774527522781e-10,
  5.472951289623422e-10,
  2.3134496354015067e-09,
  -1.0417253370340866e-09,
  -1.429268486194354e-09,
  8.291698389208078e-10,
  -1.8698853471481336e-10,
  2.6258320985557925e-08,
  2.9587790631115784e-11,
  6.084596099207684e-10,
  -8.314536438319533e-10,
  -1.912492288549469e-10,
  -7.481275271203046e-11,
  2.7333798292657303e-10,
  1.1454355399315024e-10,
  1.936814779984731e-10,
  4.755950641266172e-11,
  3.5400438841399055e-11,
  2.2822037122073413e-11,
  3.24750375158681e-11,
  2.4771161228081344e-11,
  2.344249999554196e-11,
  1.974031293788979e-11,
  1.807250549160628e-11,
  1.5318090774458015e-11,
  1.3736884592973967e-11,
  1.189399122292462e-11,
  1.0521351326477088e-11,
  9.510895189572304e-12,
  8.13542175326831e-12,
  7.437581936968628e-12,
  6.606802287047275e-12,
  6.037644559960016e-12,
  5.653161131961856e-12,
  5.241251155208187e-12,
  5.13876802785123e-12,
  5.1403169805925495e-12,
  5.470372094702919e-12],
 [-3.6987705425922696e-11,
  2.63575685568151e-09,
  1.3171415305005304e-09,
  -4.566245353858778e-10,
  2.1044818771398616e-09,
  1.5193960615293523e-09,
  -1.04408522171349e-09,
  1.5009116109385872e-09,
  2.1035977622983403e-10,
  -1.4798215673262983e-10,
  1.4962245283763972e-09,
  5.756568586664438e-10,
  2.9587790631115784e-11,
  1.6664573313090317e-08,
  9.633349294938052e-10,
  6.451365301076757e-10,
  3.8498174032389533e-10,
  2.9078736026363447e-10,
  1.7749557308354266e-10,
  2.596805810574517e-10,
  9.977800168645932e-11,
  5.8166596193046775e-11,
  4.7051786891008375e-11,
  2.7106871206512617e-11,
  2.294201182269692e-11,
  1.9665281233870844e-11,
  1.7194246866172685e-11,
  1.4489765319579861e-11,
  1.3375383507447848e-11,
  1.1032020949446395e-11,
  1.0049172675489822e-11,
  8.607132975980652e-12,
  7.647993859274704e-12,
  6.903207455114051e-12,
  5.92467418948064e-12,
  5.421205557121716e-12,
  4.787070201813546e-12,
  4.391907544650457e-12,
  4.101133315906428e-12,
  3.816016910516966e-12,
  3.7313237697231035e-12,
  3.74016865582053e-12,
  3.9765132980762145e-12],
 [1.0777270224697832e-09,
  1.497161801298979e-09,
  -1.4764440087002106e-09,
  -1.2468195935686526e-10,
  -8.715900984984092e-10,
  -6.6678615560347e-10,
  1.2818616119821029e-09,
  1.445145603323617e-09,
  -9.15787907709589e-10,
  -8.461753870729135e-10,
  3.3437002775141175e-10,
  2.2620816306429387e-10,
  6.084596099207684e-10,
  9.633349294938052e-10,
  1.1714507346656126e-08,
  2.698315799320449e-10,
  7.543185820701694e-10,
  2.3775751219100073e-10,
  2.5662078186559865e-10,
  1.373075905706631e-10,
  1.6996956802560196e-10,
  4.698684629179519e-11,
  4.5151125799785583e-11,
  2.3616387022478737e-11,
  1.9646967872934575e-11,
  1.4470284301789045e-11,
  1.302016771276548e-11,
  1.1010895721023879e-11,
  1.0041358511959572e-11,
  8.470131631685401e-12,
  7.563008580692242e-12,
  6.607214654282402e-12,
  5.809209407416901e-12,
  5.231157438747763e-12,
  4.506463956359312e-12,
  4.10321145902803e-12,
  3.644898374085865e-12,
  3.325912855524666e-12,
  3.122084499206783e-12,
  2.891460863395278e-12,
  2.8329563905115182e-12,
  2.836167528163821e-12,
  3.01504089023192e-12],
 [4.4744872532808056e-10,
  5.383513539314424e-11,
  7.999454026112557e-12,
  1.0398238121802227e-09,
  -3.5819095683811107e-10,
  -7.22578709617309e-10,
  4.942790249046333e-10,
  -5.90608350026126e-10,
  -2.037084824362825e-10,
  -6.437280802612088e-10,
  -3.05645603256052e-10,
  -1.1507387890629447e-10,
  -8.314536438319533e-10,
  6.451365301076757e-10,
  2.698315799320449e-10,
  8.264472452921054e-09,
  3.474919321356149e-10,
  2.4971645453714434e-10,
  1.362784365485794e-10,
  2.3379659264416763e-10,
  4.0930697400015274e-11,
  8.334787159700198e-11,
  4.9467425938344625e-11,
  2.6838016516217183e-11,
  1.719852233024956e-11,
  1.1732916915333885e-11,
  1.0247208761816528e-11,
  8.626024886198216e-12,
  7.87053686822445e-12,
  6.598675837436622e-12,
  5.935720204647357e-12,
  5.095270432658178e-12,
  4.516655945557421e-12,
  4.060160510571496e-12,
  3.500580069880487e-12,
  3.1770994702930236e-12,
  2.832080921532703e-12,
  2.584979968017109e-12,
  2.4091332578941333e-12,
  2.2458827212591036e-12,
  2.192039836624115e-12,
  2.2015213100347534e-12,
  2.3383429141438215e-12],
 [-2.2865992537331702e-10,
  3.11018195203358e-10,
  2.199183309173404e-09,
  1.3927708242376322e-10,
  -7.7132641371545e-11,
  1.9844838160052616e-10,
  1.043849487614842e-09,
  3.492092061389286e-10,
  2.9189422662973313e-10,
  6.410036672638514e-10,
  -5.4379594831469843e-11,
  1.7134844975653358e-10,
  -1.912492288549469e-10,
  3.8498174032389533e-10,
  7.543185820701694e-10,
  3.474919321356149e-10,
  5.553379019420124e-09,
  5.079299777401064e-10,
  4.503945049451782e-10,
  2.2267085484130897e-10,
  8.72478270410539e-11,
  6.653684614741183e-11,
  3.828499284357466e-11,
  1.677851063582564e-11,
  1.4645882059399394e-11,
  1.0779231024662507e-11,
  9.269875153971937e-12,
  7.900320473390607e-12,
  7.119005125572908e-12,
  6.146870013752824e-12,
  5.4493489452804025e-12,
  4.751402432800119e-12,
  4.188410695217268e-12,
  3.743220025788596e-12,
  3.2706243569630745e-12,
  2.94290401784962e-12,
  2.6416640599319396e-12,
  2.4039926395431854e-12,
  2.242995809647281e-12,
  2.0900775972531858e-12,
  2.0406135025981983e-12,
  2.0492749083633576e-12,
  2.1771306035872282e-12],
 [-1.608395068566537e-10,
  8.507874021811354e-10,
  -1.8625775959278329e-10,
  1.645375317378544e-10,
  2.0421192512027716e-10,
  7.334106033623702e-10,
  4.471492220616539e-10,
  7.935853776309526e-11,
  6.051902653604863e-10,
  4.248169441692681e-10,
  -4.235318018484215e-11,
  5.0124550152594454e-11,
  -7.481275271203046e-11,
  2.9078736026363447e-10,
  2.3775751219100073e-10,
  2.4971645453714434e-10,
  5.079299777401064e-10,
  2.770139313276823e-09,
  2.2357224469610266e-10,
  1.4918577497060438e-10,
  1.198793968755782e-10,
  6.242530317632369e-11,
  3.4501466167493046e-11,
  1.2364050443761443e-11,
  1.2281260839898197e-11,
  9.473328284570882e-12,
  8.098335780862151e-12,
  6.99665416041601e-12,
  6.402466105612596e-12,
  5.378105425467536e-12,
  4.8495784980027946e-12,
  4.18495118282725e-12,
  3.704210090987931e-12,
  3.33637423309167e-12,
  2.872654254329288e-12,
  2.6158506054842438e-12,
  2.3242224845999268e-12,
  2.1298382715580416e-12,
  1.9787716176239887e-12,
  1.849109197695174e-12,
  1.8049809504264076e-12,
  1.8113079527440436e-12,
  1.925419042882056e-12],
 [3.653054661190247e-12,
  -6.233333689546672e-11,
  -5.247812420914561e-10,
  -2.1778745106799e-10,
  4.5817685936359845e-10,
  -6.148296126553367e-12,
  -6.221467143595332e-10,
  -4.1543653000384837e-10,
  5.131335787213165e-10,
  1.9011924400890436e-10,
  -5.5793358370872317e-11,
  -2.3996499625160506e-10,
  2.7333798292657303e-10,
  1.7749557308354266e-10,
  2.5662078186559865e-10,
  1.362784365485794e-10,
  4.503945049451782e-10,
  2.2357224469610266e-10,
  1.5222537825118149e-09,
  8.970046488825936e-11,
  7.481547107768094e-11,
  4.568606095458648e-11,
  3.013141127757433e-11,
  1.5717261520565934e-11,
  1.1092919571833868e-11,
  8.550297489527398e-12,
  7.145525310477636e-12,
  6.097738417292156e-12,
  5.535307314358187e-12,
  4.60772541984709e-12,
  4.1464755080274495e-12,
  3.5601731171707157e-12,
  3.1481303285432326e-12,
  2.8199165654224667e-12,
  2.4417865662375868e-12,
  2.2102969046971142e-12,
  1.9672815213504474e-12,
  1.7969793627293226e-12,
  1.6730375516266375e-12,
  1.560771376318995e-12,
  1.5219878113936562e-12,
  1.5294109220937534e-12,
  1.624253461888717e-12],
 [3.0496286763907424e-10,
  4.733621301183224e-11,
  -8.290399538308674e-10,
  4.007266963726985e-10,
  3.2183535043095677e-10,
  2.1490007302957492e-10,
  3.356702319927245e-10,
  1.6742345891153556e-10,
  3.264987070907173e-10,
  5.043622883556776e-11,
  4.1882396530603355e-11,
  9.324428625945502e-11,
  1.1454355399315024e-10,
  2.596805810574517e-10,
  1.373075905706631e-10,
  2.3379659264416763e-10,
  2.2267085484130897e-10,
  1.4918577497060438e-10,
  8.970046488825936e-11,
  7.185887590670135e-10,
  4.8391314181181974e-11,
  4.678631031552566e-11,
  3.2187355196634e-11,
  1.759062580933603e-11,
  1.1524260744651743e-11,
  9.148659262056924e-12,
  7.981585211828935e-12,
  6.709992337489725e-12,
  6.118294384431436e-12,
  5.152579858826627e-12,
  4.600968476751337e-12,
  3.983213967942927e-12,
  3.512844098929433e-12,
  3.151610366356011e-12,
  2.722740280205834e-12,
  2.4711490236150907e-12,
  2.1965335112324085e-12,
  2.0040416940593995e-12,
  1.8746110652341183e-12,
  1.744845819733741e-12,
  1.7026569657938742e-12,
  1.7093001903607273e-12,
  1.8152484489939833e-12],
 [5.687156661023221e-11,
  2.4276930134310884e-10,
  1.135389461898109e-10,
  1.3174754653545648e-10,
  1.325915625490645e-10,
  -8.323435597873143e-11,
  8.736236720670138e-11,
  -3.060134777525958e-11,
  2.2546765684094557e-11,
  1.348834380041797e-10,
  1.9026361104495928e-11,
  4.3070168765325145e-11,
  1.936814779984731e-10,
  9.977800168645932e-11,
  1.6996956802560196e-10,
  4.0930697400015274e-11,
  8.72478270410539e-11,
  1.198793968755782e-10,
  7.481547107768094e-11,
  4.8391314181181974e-11,
  2.6815371922583476e-10,
  3.118327495940874e-11,
  2.0193774573946988e-11,
  1.3568617072692979e-11,
  1.005876743901041e-11,
  8.041530152232438e-12,
  6.9910181199541946e-12,
  5.893084701213022e-12,
  5.3617502059298255e-12,
  4.466541746719781e-12,
  4.02242637977663e-12,
  3.453301278693212e-12,
  3.0563443725366755e-12,
  2.742965270837407e-12,
  2.363825078473057e-12,
  2.1500567314402287e-12,
  1.9061860329248755e-12,
  1.7428638420098359e-12,
  1.6272182851376473e-12,
  1.5151506390621025e-12,
  1.479762238801552e-12,
  1.483656797687577e-12,
  1.5766465383449304e-12],
 [1.2266034225327557e-10,
  1.962017353243437e-10,
  2.405365955660489e-10,
  1.7236734274122354e-11,
  -8.863235458893443e-11,
  -4.428464771751172e-12,
  4.7185969281897634e-11,
  7.742230218548579e-11,
  3.562328649240762e-11,
  -5.919303316214824e-12,
  1.3547469500294438e-10,
  4.291413103741526e-11,
  4.755950641266172e-11,
  5.8166596193046775e-11,
  4.698684629179519e-11,
  8.334787159700198e-11,
  6.653684614741183e-11,
  6.242530317632369e-11,
  4.568606095458648e-11,
  4.678631031552566e-11,
  3.118327495940874e-11,
  8.007057079989525e-11,
  1.4354924431143903e-11,
  1.0246779736475313e-11,
  7.097749572669075e-12,
  5.624338748233134e-12,
  4.905091487358562e-12,
  4.128960973203188e-12,
  3.777937537857714e-12,
  3.121275658227667e-12,
  2.826373283166439e-12,
  2.416335004861841e-12,
  2.141841408649377e-12,
  1.9235480718534436e-12,
  1.6565197261909132e-12,
  1.5073453913257307e-12,
  1.3351325635769492e-12,
  1.2214962341571903e-12,
  1.1403355935837519e-12,
  1.0609712153001006e-12,
  1.0369779064539005e-12,
  1.0392308887497913e-12,
  1.1047011244211997e-12],
 [1.5780644394594555e-11,
  7.042729334297693e-11,
  8.559270413306668e-11,
  4.9982943446434324e-11,
  7.364606280118357e-11,
  2.3866588316029817e-12,
  1.049117747998284e-10,
  5.550135296592897e-11,
  2.0286427937662998e-11,
  2.6507831996473496e-11,
  3.4259090827829055e-11,
  3.575456964470054e-11,
  3.5400438841399055e-11,
  4.7051786891008375e-11,
  4.5151125799785583e-11,
  4.9467425938344625e-11,
  3.828499284357466e-11,
  3.4501466167493046e-11,
  3.013141127757433e-11,
  3.2187355196634e-11,
  2.0193774573946988e-11,
  1.4354924431143903e-11,
  2.1881752959010842e-11,
  8.065727612497008e-12,
  6.130127320287887e-12,
  5.057267285881428e-12,
  4.38858519830747e-12,
  3.692930239356257e-12,
  3.3695495229577036e-12,
  2.7917713623349927e-12,
  2.522802420156121e-12,
  2.1567250441350853e-12,
  1.911239495623955e-12,
  1.7172868451749879e-12,
  1.4775406908865584e-12,
  1.3452255031643024e-12,
  1.1913894889020473e-12,
  1.0900574329480924e-12,
  1.0176889604864215e-12,
  9.466663031545802e-13,
  9.25343229956592e-13,
  9.274196870720866e-13,
  9.858886421089183e-13],
 [4.570582770901883e-11,
  6.880909526778267e-11,
  5.695174596152629e-11,
  1.9553695264074205e-11,
  2.323842442980057e-11,
  1.9062136979414588e-12,
  6.439558604791386e-11,
  7.015569581415024e-11,
  4.9674406436866566e-11,
  3.290309007929507e-11,
  4.132922362553823e-11,
  7.541646688406558e-12,
  2.2822037122073413e-11,
  2.7106871206512617e-11,
  2.3616387022478737e-11,
  2.6838016516217183e-11,
  1.677851063582564e-11,
  1.2364050443761443e-11,
  1.5717261520565934e-11,
  1.759062580933603e-11,
  1.3568617072692979e-11,
  1.0246779736475313e-11,
  8.065727612497008e-12,
  8.068021013198747e-12,
  5.177423906936463e-12,
  4.322780907238379e-12,
  3.78127002324783e-12,
  3.1858756096236483e-12,
  2.9097182060618086e-12,
  2.4136111989705593e-12,
  2.1800655622429337e-12,
  1.8649456125371536e-12,
  1.6524557894691634e-12,
  1.4860959529889269e-12,
  1.2774911673548518e-12,
  1.1636524831860318e-12,
  1.030925939134356e-12,
  9.430135191348581e-13,
  8.807986575886219e-13,
  8.190576738998686e-13,
  8.008529177337302e-13,
  8.023898751521288e-13,
  8.530513006489712e-13],
 [1.0163047686727983e-11,
  4.773529624228663e-11,
  7.761720469668209e-11,
  2.4856292881810745e-11,
  2.2130249449521986e-11,
  -1.494232423844263e-11,
  4.6699905579674015e-11,
  5.1218050292666663e-11,
  2.8621610514163484e-11,
  1.9306174132514367e-11,
  3.672445537220315e-11,
  2.966860783434613e-12,
  3.24750375158681e-11,
  2.294201182269692e-11,
  1.9646967872934575e-11,
  1.719852233024956e-11,
  1.4645882059399394e-11,
  1.2281260839898197e-11,
  1.1092919571833868e-11,
  1.1524260744651743e-11,
  1.005876743901041e-11,
  7.097749572669075e-12,
  6.130127320287887e-12,
  5.177423906936463e-12,
  4.416707365077501e-12,
  3.5871534401480395e-12,
  3.142517660639183e-12,
  2.652545353883837e-12,
  2.4229110263455187e-12,
  2.01149250969144e-12,
  1.818475944819959e-12,
  1.554701316287255e-12,
  1.3786721156436466e-12,
  1.2399549177707924e-12,
  1.0661632484590518e-12,
  9.712648526592623e-13,
  8.604777895806552e-13,
  7.872557895621553e-13,
  7.352127480432447e-13,
  6.837299297465638e-13,
  6.685616958215125e-13,
  6.698686143596788e-13,
  7.121676197053301e-13],
 [1.0185562144925012e-11,
  3.8193570978133396e-11,
  5.3723225216232286e-11,
  1.8556568195648647e-11,
  2.2229632533583803e-11,
  -1.0571787422714344e-11,
  4.082583337375221e-11,
  4.049085041163021e-11,
  2.6943942885044782e-11,
  1.5816482722274037e-11,
  3.044224948865484e-11,
  3.860225346950798e-12,
  2.4771161228081344e-11,
  1.9665281233870844e-11,
  1.4470284301789045e-11,
  1.1732916915333885e-11,
  1.0779231024662507e-11,
  9.473328284570882e-12,
  8.550297489527398e-12,
  9.148659262056924e-12,
  8.041530152232438e-12,
  5.624338748233134e-12,
  5.057267285881428e-12,
  4.322780907238379e-12,
  3.5871534401480395e-12,
  3.0461799317639195e-12,
  2.6564765717706546e-12,
  2.2454511154604848e-12,
  2.053330519974594e-12,
  1.7040714608001778e-12,
  1.541717844734664e-12,
  1.3176472919096084e-12,
  1.1689055909391536e-12,
  1.0515723558459973e-12,
  9.039828454976149e-13,
  8.237861831124503e-13,
  7.29661715427631e-13,
  6.676978069905031e-13,
  6.235491646886533e-13,
  5.798730933910749e-13,
  5.670534011854214e-13,
  5.681350221780341e-13,
  6.040358263435613e-13],
 [9.273619809071166e-12,
  3.3164593390106584e-11,
  4.97000904735793e-11,
  1.7481809031829213e-11,
  1.6165061878435938e-11,
  -8.223093720551213e-12,
  3.535314616915214e-11,
  3.7233964581568766e-11,
  2.229182075239157e-11,
  1.4198019067520038e-11,
  2.7246522823408173e-11,
  3.121061358531149e-12,
  2.344249999554196e-11,
  1.7194246866172685e-11,
  1.302016771276548e-11,
  1.0247208761816528e-11,
  9.269875153971937e-12,
  8.098335780862151e-12,
  7.145525310477636e-12,
  7.981585211828935e-12,
  6.9910181199541946e-12,
  4.905091487358562e-12,
  4.38858519830747e-12,
  3.78127002324783e-12,
  3.142517660639183e-12,
  2.6564765717706546e-12,
  2.341375328823071e-12,
  1.974691334890576e-12,
  1.80620541803033e-12,
  1.5010323169461003e-12,
  1.3566633932328723e-12,
  1.1613138942876044e-12,
  1.0295383338077153e-12,
  9.263056660320352e-13,
  7.963159597934719e-13,
  7.256603072537601e-13,
  6.428717880961816e-13,
  5.881804695209579e-13,
  5.494321965637071e-13,
  5.108768762426427e-13,
  4.99618572800653e-13,
  5.005310024238984e-13,
  5.321725705486312e-13],
 [8.901936599480021e-12,
  2.8892556811434333e-11,
  4.259483594963226e-11,
  1.4874078144547784e-11,
  1.5032807613068598e-11,
  -6.134169619038669e-12,
  3.116995750207118e-11,
  3.06325776007978e-11,
  1.954172964344924e-11,
  1.2058365318353318e-11,
  2.2961245000354446e-11,
  2.660412454262224e-12,
  1.974031293788979e-11,
  1.4489765319579861e-11,
  1.1010895721023879e-11,
  8.626024886198216e-12,
  7.900320473390607e-12,
  6.99665416041601e-12,
  6.097738417292156e-12,
  6.709992337489725e-12,
  5.893084701213022e-12,
  4.128960973203188e-12,
  3.692930239356257e-12,
  3.1858756096236483e-12,
  2.652545353883837e-12,
  2.2454511154604848e-12,
  1.974691334890576e-12,
  1.6697439997881715e-12,
  1.5274919212373223e-12,
  1.2690075001370632e-12,
  1.1478417555182233e-12,
  9.819316934959013e-13,
  8.70911530679627e-13,
  7.836011741149557e-13,
  6.737029154269659e-13,
  6.139508884466047e-13,
  5.438731387979605e-13,
  4.976593168849355e-13,
  4.648242992408386e-13,
  4.322443506288297e-13,
  4.227016879807808e-13,
  4.2350475880812787e-13,
  4.5026658552506323e-13],
 [9.069182279747231e-12,
  2.7230991108852473e-11,
  3.9506570893409454e-11,
  1.4311805872485694e-11,
  1.4211090889603462e-11,
  -5.850273443059633e-12,
  2.977283118376277e-11,
  2.901285169528142e-11,
  1.855607481152096e-11,
  1.1271605881395923e-11,
  2.129261711479009e-11,
  2.6781269213993586e-12,
  1.807250549160628e-11,
  1.3375383507447848e-11,
  1.0041358511959572e-11,
  7.87053686822445e-12,
  7.119005125572908e-12,
  6.402466105612596e-12,
  5.535307314358187e-12,
  6.118294384431436e-12,
  5.3617502059298255e-12,
  3.777937537857714e-12,
  3.3695495229577036e-12,
  2.9097182060618086e-12,
  2.4229110263455187e-12,
  2.053330519974594e-12,
  1.80620541803033e-12,
  1.5274919212373223e-12,
  1.3994900260572519e-12,
  1.1611691175423796e-12,
  1.0516433738042293e-12,
  8.98939092770759e-13,
  7.977159426432749e-13,
  7.179671985771827e-13,
  6.16976915126463e-13,
  5.625472673778538e-13,
  4.981109216681927e-13,
  4.559190850396922e-13,
  4.258379240366143e-13,
  3.959637909267436e-13,
  3.872777572311758e-13,
  3.8795146042605334e-13,
  4.1250243367107107e-13],
 [6.783965038632958e-12,
  2.215274632080876e-11,
  3.179732321792284e-11,
  1.1210841045587386e-11,
  1.125639365468993e-11,
  -4.2119417184747644e-12,
  2.3753589077740844e-11,
  2.384302306659309e-11,
  1.4805730206312773e-11,
  9.274999498781293e-12,
  1.7421967379026517e-11,
  1.9563938432686297e-12,
  1.5318090774458015e-11,
  1.1032020949446395e-11,
  8.470131631685401e-12,
  6.598675837436622e-12,
  6.146870013752824e-12,
  5.378105425467536e-12,
  4.60772541984709e-12,
  5.152579858826627e-12,
  4.466541746719781e-12,
  3.121275658227667e-12,
  2.7917713623349927e-12,
  2.4136111989705593e-12,
  2.01149250969144e-12,
  1.7040714608001778e-12,
  1.5010323169461003e-12,
  1.2690075001370632e-12,
  1.1611691175423796e-12,
  9.655113668620341e-13,
  8.729117517073618e-13,
  7.471756998158118e-13,
  6.625674644958428e-13,
  5.961820239756638e-13,
  5.125918816869553e-13,
  4.671085099152641e-13,
  4.138593052230949e-13,
  3.7866357265643503e-13,
  3.537035982378179e-13,
  3.2889609162541826e-13,
  3.2165015195071113e-13,
  3.2224907018015154e-13,
  3.4261881459356367e-13],
 [7.059644265597318e-12,
  2.0575608439713775e-11,
  2.9847332399911754e-11,
  1.0920658614744028e-11,
  1.0840724552305032e-11,
  -3.958412793629267e-12,
  2.2508431646125366e-11,
  2.181773429969692e-11,
  1.397386879930749e-11,
  8.627766179732946e-12,
  1.604128817675202e-11,
  1.974389894543557e-12,
  1.3736884592973967e-11,
  1.0049172675489822e-11,
  7.563008580692242e-12,
  5.935720204647357e-12,
  5.4493489452804025e-12,
  4.8495784980027946e-12,
  4.1464755080274495e-12,
  4.600968476751337e-12,
  4.02242637977663e-12,
  2.826373283166439e-12,
  2.522802420156121e-12,
  2.1800655622429337e-12,
  1.818475944819959e-12,
  1.541717844734664e-12,
  1.3566633932328723e-12,
  1.1478417555182233e-12,
  1.0516433738042293e-12,
  8.729117517073618e-13,
  7.905541242892917e-13,
  6.757841138375835e-13,
  5.997211135769211e-13,
  5.397729973640817e-13,
  4.63880715726582e-13,
  4.229416046478278e-13,
  3.7452651501917676e-13,
  3.4279472692721375e-13,
  3.2018027749474145e-13,
  2.977184097882385e-13,
  2.911887958715925e-13,
  2.9169778587189206e-13,
  3.101568295576542e-13],
 [5.497742869546427e-12,
  1.7281720429705243e-11,
  2.4893106040325395e-11,
  8.834091058752107e-12,
  8.586579513215035e-12,
  -3.209508148631152e-12,
  1.8716388721510797e-11,
  1.863306730396592e-11,
  1.1620666909712456e-11,
  7.2603912128616575e-12,
  1.3533790479754972e-11,
  1.5868140125989764e-12,
  1.189399122292462e-11,
  8.607132975980652e-12,
  6.607214654282402e-12,
  5.095270432658178e-12,
  4.751402432800119e-12,
  4.18495118282725e-12,
  3.5601731171707157e-12,
  3.983213967942927e-12,
  3.453301278693212e-12,
  2.416335004861841e-12,
  2.1567250441350853e-12,
  1.8649456125371536e-12,
  1.554701316287255e-12,
  1.3176472919096084e-12,
  1.1613138942876044e-12,
  9.819316934959013e-13,
  8.98939092770759e-13,
  7.471756998158118e-13,
  6.757841138375835e-13,
  5.784175941270973e-13,
  5.129645589170943e-13,
  4.616186702076824e-13,
  3.9684596381168147e-13,
  3.616959459846576e-13,
  3.2041328171496554e-13,
  2.9319409240126603e-13,
  2.738724648353714e-13,
  2.546583595527089e-13,
  2.490575529651948e-13,
  2.495122874643039e-13,
  2.6528949348603597e-13],
 [5.225018095996079e-12,
  1.5510631551476234e-11,
  2.2490348566572706e-11,
  8.0849012752452e-12,
  7.960056957217506e-12,
  -2.880122607164872e-12,
  1.696050697068865e-11,
  1.66101210719489e-11,
  1.04751866368707e-11,
  6.516143217697456e-12,
  1.2116833766979248e-11,
  1.46332196018195e-12,
  1.0521351326477088e-11,
  7.647993859274704e-12,
  5.809209407416901e-12,
  4.516655945557421e-12,
  4.188410695217268e-12,
  3.704210090987931e-12,
  3.1481303285432326e-12,
  3.512844098929433e-12,
  3.0563443725366755e-12,
  2.141841408649377e-12,
  1.911239495623955e-12,
  1.6524557894691634e-12,
  1.3786721156436466e-12,
  1.1689055909391536e-12,
  1.0295383338077153e-12,
  8.70911530679627e-13,
  7.977159426432749e-13,
  6.625674644958428e-13,
  5.997211135769211e-13,
  5.129645589170943e-13,
  4.551016314658995e-13,
  4.0958672327695254e-13,
  3.520508744311009e-13,
  3.2093598804714105e-13,
  2.8424572817091103e-13,
  2.60136408001679e-13,
  2.4298391747995447e-13,
  2.2593742695676336e-13,
  2.209770221882355e-13,
  2.2137045983469283e-13,
  2.353747899819173e-13],
 [4.788418901390748e-12,
  1.4040964487693604e-11,
  2.022744919030009e-11,
  7.375584824792946e-12,
  7.197278841247083e-12,
  -2.571245026762948e-12,
  1.5348591990289868e-11,
  1.508038146432753e-11,
  9.523784526091548e-12,
  5.8994207376199056e-12,
  1.095020487022223e-11,
  1.3505261963387953e-12,
  9.510895189572304e-12,
  6.903207455114051e-12,
  5.231157438747763e-12,
  4.060160510571496e-12,
  3.743220025788596e-12,
  3.33637423309167e-12,
  2.8199165654224667e-12,
  3.151610366356011e-12,
  2.742965270837407e-12,
  1.9235480718534436e-12,
  1.7172868451749879e-12,
  1.4860959529889269e-12,
  1.2399549177707924e-12,
  1.0515723558459973e-12,
  9.263056660320352e-13,
  7.836011741149557e-13,
  7.179671985771827e-13,
  5.961820239756638e-13,
  5.397729973640817e-13,
  4.616186702076824e-13,
  4.0958672327695254e-13,
  3.686661793933806e-13,
  3.16820537958026e-13,
  2.8886691300119814e-13,
  2.5581236994920646e-13,
  2.3413167382307046e-13,
  2.1869580927935885e-13,
  2.0334765513317488e-13,
  1.9889171971470942e-13,
  1.9923659741030197e-13,
  2.1184579874294757e-13],
 [4.047791001537744e-12,
  1.199873290441399e-11,
  1.7374994351271228e-11,
  6.1844019006118734e-12,
  6.140383069570734e-12,
  -2.1344638635102953e-12,
  1.3108158619435259e-11,
  1.2779856966403738e-11,
  8.041954025386276e-12,
  5.027631860765815e-12,
  9.358632808233487e-12,
  1.1137389975429251e-12,
  8.13542175326831e-12,
  5.92467418948064e-12,
  4.506463956359312e-12,
  3.500580069880487e-12,
  3.2706243569630745e-12,
  2.872654254329288e-12,
  2.4417865662375868e-12,
  2.722740280205834e-12,
  2.363825078473057e-12,
  1.6565197261909132e-12,
  1.4775406908865584e-12,
  1.2774911673548518e-12,
  1.0661632484590518e-12,
  9.039828454976149e-13,
  7.963159597934719e-13,
  6.737029154269659e-13,
  6.16976915126463e-13,
  5.125918816869553e-13,
  4.63880715726582e-13,
  3.9684596381168147e-13,
  3.520508744311009e-13,
  3.16820537958026e-13,
  2.723648681950223e-13,
  2.482577678166161e-13,
  2.1990093119362745e-13,
  2.0123709676269693e-13,
  1.8796886623488637e-13,
  1.7478482894332846e-13,
  1.7094221709607384e-13,
  1.7125358718835342e-13,
  1.8208362549244892e-13],
 [3.8394969824230375e-12,
  1.1013678512194432e-11,
  1.590647815977852e-11,
  5.814721161662292e-12,
  5.648592280970923e-12,
  -1.960818534766074e-12,
  1.2109926116085451e-11,
  1.180360366471852e-11,
  7.454402355871345e-12,
  4.6472689065053514e-12,
  8.592437649619917e-12,
  1.0344648257608729e-12,
  7.437581936968628e-12,
  5.421205557121716e-12,
  4.10321145902803e-12,
  3.1770994702930236e-12,
  2.94290401784962e-12,
  2.6158506054842438e-12,
  2.2102969046971142e-12,
  2.4711490236150907e-12,
  2.1500567314402287e-12,
  1.5073453913257307e-12,
  1.3452255031643024e-12,
  1.1636524831860318e-12,
  9.712648526592623e-13,
  8.237861831124503e-13,
  7.256603072537601e-13,
  6.139508884466047e-13,
  5.625472673778538e-13,
  4.671085099152641e-13,
  4.229416046478278e-13,
  3.616959459846576e-13,
  3.2093598804714105e-13,
  2.8886691300119814e-13,
  2.482577678166161e-13,
  2.2635172975701857e-13,
  2.0044517464525297e-13,
  1.8346075766353203e-13,
  1.7136459037458017e-13,
  1.593397513997121e-13,
  1.5584676291963196e-13,
  1.561190036673272e-13,
  1.6599847510368722e-13],
 [3.2408991870107037e-12,
  9.7034385246958e-12,
  1.4029045718130522e-11,
  4.98323671599982e-12,
  4.963406427674259e-12,
  -1.7297559827587607e-12,
  1.0559235002920858e-11,
  1.036655377729407e-11,
  6.522842970422806e-12,
  4.058352779483925e-12,
  7.555147901312483e-12,
  9.200858413662337e-13,
  6.606802287047275e-12,
  4.787070201813546e-12,
  3.644898374085865e-12,
  2.832080921532703e-12,
  2.6416640599319396e-12,
  2.3242224845999268e-12,
  1.9672815213504474e-12,
  2.1965335112324085e-12,
