
Covariance Matrix: 
[[  1.03560962e-07   7.12628285e-09   3.67439384e-09  -6.22781836e-10
    1.92719480e-09  -9.54830023e-09   1.21978730e-09   1.66528609e-09
    1.40202700e-09   8.39903987e-10   1.53920783e-09  -1.31279636e-09
   -1.74006932e-09  -3.69877054e-11   1.07772702e-09   4.47448725e-10
   -2.28659925e-10  -1.60839507e-10   3.65305466e-12   3.04962868e-10
    5.68715666e-11]
 [  7.12628285e-09   1.30217212e-07   6.49289534e-09  -5.67985085e-09
   -9.02462867e-10   6.12196015e-09   4.00674217e-09   7.06805329e-09
   -2.34957523e-09   3.46868558e-10   1.59516262e-09  -2.79397586e-09
    5.99577530e-10   2.63575686e-09   1.49716180e-09   5.38351354e-11
    3.11018195e-10   8.50787402e-10  -6.23333369e-11   4.73362130e-11
    2.42769301e-10]
 [  3.67439384e-09   6.49289534e-09   1.87340190e-07   1.09597430e-08
    5.93087380e-10   5.68535487e-09   4.20914035e-09  -2.20667817e-09
    2.58658184e-11   4.50130261e-09   2.29984594e-09  -2.73201312e-09
    2.14562632e-09   1.31714153e-09  -1.47644401e-09   7.99945403e-12
    2.19918331e-09  -1.86257760e-10  -5.24781242e-10  -8.29039954e-10
    1.13538946e-10]
 [ -6.22781836e-10  -5.67985085e-09   1.09597430e-08   7.72101277e-08
    4.32790979e-09   3.49103519e-09  -3.01162657e-10   2.23137399e-09
    1.62589299e-09   1.06611598e-09   3.02450958e-09   9.03211878e-10
   -7.56451517e-10  -4.56624535e-10  -1.24681959e-10   1.03982381e-09
    1.39277082e-10   1.64537532e-10  -2.17787451e-10   4.00726696e-10
    1.31747547e-10]
 [  1.92719480e-09  -9.02462867e-10   5.93087380e-10   4.32790979e-09
    9.68647018e-08   2.15333167e-09  -2.03956647e-09  -1.49754139e-09
   -3.56206761e-10  -7.38948024e-10  -9.40117287e-10   2.52790225e-09
   -3.91620564e-10   2.10448188e-09  -8.71590098e-10  -3.58190957e-10
   -7.71326414e-11   2.04211925e-10   4.58176859e-10   3.21835350e-10
    1.32591563e-10]
 [ -9.54830023e-09   6.12196015e-09   5.68535487e-09   3.49103519e-09
    2.15333167e-09   1.12615887e-07  -1.84385061e-09   8.06432859e-10
   -2.31759622e-09  -1.78238963e-09  -9.00301883e-10  -1.51202567e-09
    3.29277453e-10   1.51939606e-09  -6.66786156e-10  -7.22578710e-10
    1.98448382e-10   7.33410603e-10  -6.14829613e-12   2.14900073e-10
   -8.32343560e-11]
 [  1.21978730e-09   4.00674217e-09   4.20914035e-09  -3.01162657e-10
   -2.03956647e-09  -1.84385061e-09   1.13916927e-07   6.70545225e-09
    3.53105402e-09   2.78645978e-09   1.21161677e-10   2.81449947e-09
    5.47295129e-10  -1.04408522e-09   1.28186161e-09   4.94279025e-10
    1.04384949e-09   4.47149222e-10  -6.22146714e-10   3.35670232e-10
    8.73623672e-11]
 [  1.66528609e-09   7.06805329e-09  -2.20667817e-09   2.23137399e-09
   -1.49754139e-09   8.06432859e-10   6.70545225e-09   6.08350451e-08
    5.85451944e-11  -2.80228562e-10   3.42155878e-09   1.67083419e-09
    2.31344964e-09   1.50091161e-09   1.44514560e-09  -5.90608350e-10
    3.49209206e-10   7.93585378e-11  -4.15436530e-10   1.67423459e-10
   -3.06013478e-11]
 [  1.40202700e-09  -2.34957523e-09   2.58658184e-11   1.62589299e-09
   -3.56206761e-10  -2.31759622e-09   3.53105402e-09   5.85451944e-11
    5.76714861e-08   1.53477763e-09   1.85780155e-09   9.57423867e-11
   -1.04172534e-09   2.10359776e-10  -9.15787908e-10  -2.03708482e-10
    2.91894227e-10   6.05190265e-10   5.13133579e-10   3.26498707e-10
    2.25467657e-11]
 [  8.39903987e-10   3.46868558e-10   4.50130261e-09   1.06611598e-09
   -7.38948024e-10  -1.78238963e-09   2.78645978e-09  -2.80228562e-10
    1.53477763e-09   5.09277202e-08   1.31401710e-09  -8.27950920e-10
   -1.42926849e-09  -1.47982157e-10  -8.46175387e-10  -6.43728080e-10
    6.41003667e-10   4.24816944e-10   1.90119244e-10   5.04362288e-11
    1.34883438e-10]
 [  1.53920783e-09   1.59516262e-09   2.29984594e-09   3.02450958e-09
   -9.40117287e-10  -9.00301883e-10   1.21161677e-10   3.42155878e-09
    1.85780155e-09   1.31401710e-09   4.03615382e-08  -8.65901990e-10
    8.29169839e-10   1.49622453e-09   3.34370028e-10  -3.05645603e-10
   -5.43795948e-11  -4.23531802e-11  -5.57933584e-11   4.18823965e-11
    1.90263611e-11]
 [ -1.31279636e-09  -2.79397586e-09  -2.73201312e-09   9.03211878e-10
    2.52790225e-09  -1.51202567e-09   2.81449947e-09   1.67083419e-09
    9.57423867e-11  -8.27950920e-10  -8.65901990e-10   3.22822779e-08
   -1.86988535e-10   5.75656859e-10   2.26208163e-10  -1.15073879e-10
    1.71348450e-10   5.01245502e-11  -2.39964996e-10   9.32442863e-11
    4.30701688e-11]
 [ -1.74006932e-09   5.99577530e-10   2.14562632e-09  -7.56451517e-10
   -3.91620564e-10   3.29277453e-10   5.47295129e-10   2.31344964e-09
   -1.04172534e-09  -1.42926849e-09   8.29169839e-10  -1.86988535e-10
    2.62583210e-08   2.95877906e-11   6.08459610e-10  -8.31453644e-10
   -1.91249229e-10  -7.48127527e-11   2.73337983e-10   1.14543554e-10
    1.93681478e-10]
 [ -3.69877054e-11   2.63575686e-09   1.31714153e-09  -4.56624535e-10
    2.10448188e-09   1.51939606e-09  -1.04408522e-09   1.50091161e-09
    2.10359776e-10  -1.47982157e-10   1.49622453e-09   5.75656859e-10
    2.95877906e-11   1.66645733e-08   9.63334929e-10   6.45136530e-10
    3.84981740e-10   2.90787360e-10   1.77495573e-10   2.59680581e-10
    9.97780017e-11]
 [  1.07772702e-09   1.49716180e-09  -1.47644401e-09  -1.24681959e-10
   -8.71590098e-10  -6.66786156e-10   1.28186161e-09   1.44514560e-09
   -9.15787908e-10  -8.46175387e-10   3.34370028e-10   2.26208163e-10
    6.08459610e-10   9.63334929e-10   1.17145073e-08   2.69831580e-10
    7.54318582e-10   2.37757512e-10   2.56620782e-10   1.37307591e-10
    1.69969568e-10]
 [  4.47448725e-10   5.38351354e-11   7.99945403e-12   1.03982381e-09
   -3.58190957e-10  -7.22578710e-10   4.94279025e-10  -5.90608350e-10
   -2.03708482e-10  -6.43728080e-10  -3.05645603e-10  -1.15073879e-10
   -8.31453644e-10   6.45136530e-10   2.69831580e-10   8.26447245e-09
    3.47491932e-10   2.49716455e-10   1.36278437e-10   2.33796593e-10
    4.09306974e-11]
 [ -2.28659925e-10   3.11018195e-10   2.19918331e-09   1.39277082e-10
   -7.71326414e-11   1.98448382e-10   1.04384949e-09   3.49209206e-10
    2.91894227e-10   6.41003667e-10  -5.43795948e-11   1.71348450e-10
   -1.91249229e-10   3.84981740e-10   7.54318582e-10   3.47491932e-10
    5.55337902e-09   5.07929978e-10   4.50394505e-10   2.22670855e-10
    8.72478270e-11]
 [ -1.60839507e-10   8.50787402e-10  -1.86257760e-10   1.64537532e-10
    2.04211925e-10   7.33410603e-10   4.47149222e-10   7.93585378e-11
    6.05190265e-10   4.24816944e-10  -4.23531802e-11   5.01245502e-11
   -7.48127527e-11   2.90787360e-10   2.37757512e-10   2.49716455e-10
    5.07929978e-10   2.77013931e-09   2.23572245e-10   1.49185775e-10
    1.19879397e-10]
 [  3.65305466e-12  -6.23333369e-11  -5.24781242e-10  -2.17787451e-10
    4.58176859e-10  -6.14829613e-12  -6.22146714e-10  -4.15436530e-10
    5.13133579e-10   1.90119244e-10  -5.57933584e-11  -2.39964996e-10
    2.73337983e-10   1.77495573e-10   2.56620782e-10   1.36278437e-10
    4.50394505e-10   2.23572245e-10   1.52225378e-09   8.97004649e-11
    7.48154711e-11]
 [  3.04962868e-10   4.73362130e-11  -8.29039954e-10   4.00726696e-10
    3.21835350e-10   2.14900073e-10   3.35670232e-10   1.67423459e-10
    3.26498707e-10   5.04362288e-11   4.18823965e-11   9.32442863e-11
    1.14543554e-10   2.59680581e-10   1.37307591e-10   2.33796593e-10
    2.22670855e-10   1.49185775e-10   8.97004649e-11   7.18588759e-10
    4.83913142e-11]
 [  5.68715666e-11   2.42769301e-10   1.13538946e-10   1.31747547e-10
    1.32591563e-10  -8.32343560e-11   8.73623672e-11  -3.06013478e-11
    2.25467657e-11   1.34883438e-10   1.90263611e-11   4.30701688e-11
    1.93681478e-10   9.97780017e-11   1.69969568e-10   4.09306974e-11
    8.72478270e-11   1.19879397e-10   7.48154711e-11   4.83913142e-11
    2.68153719e-10]]

Correlation Matrix: 
[[  1.00000000e+00   6.13664246e-02   2.63798419e-02  -6.96467353e-03
    1.92417605e-02  -8.84154571e-02   1.12303150e-02   2.09804065e-02
    1.81416912e-02   1.15652357e-02   2.38075864e-02  -2.27047769e-02
   -3.33683734e-02  -8.90353054e-04   3.09420241e-02   1.52945840e-02
   -9.53483894e-03  -9.49606960e-03   2.90947481e-04   3.53515707e-02
    1.07920821e-02]
 [  6.13664246e-02   1.00000000e+00   4.15708330e-02  -5.66455241e-02
   -8.03549012e-03   5.05541101e-02   3.28975132e-02   7.94124695e-02
   -2.71128135e-02   4.25945094e-03   2.20032541e-02  -4.30929640e-02
    1.02536308e-02   5.65814469e-02   3.83329751e-02   1.64105843e-03
    1.15657271e-02   4.47956712e-02  -4.42733769e-03   4.89349449e-03
    4.10835212e-02]
 [  2.63798419e-02   4.15708330e-02   1.00000000e+00   9.11271432e-02
    4.40271356e-03   3.91419329e-02   2.88126894e-02  -2.06702916e-02
    2.48845720e-04   4.60835167e-02   2.64484004e-02  -3.51305717e-02
    3.05918071e-02   2.35732719e-02  -3.15166094e-02   2.03299963e-04
    6.81816167e-02  -8.17613570e-03  -3.10755836e-02  -7.14528857e-02
    1.60190762e-02]
 [ -6.96467353e-03  -5.66455241e-02   9.11271432e-02   1.00000000e+00
    5.00447232e-02   3.74383983e-02  -3.21121848e-03   3.25580447e-02
    2.43654397e-02   1.70016159e-02   5.41793730e-02   1.80913268e-02
   -1.68000466e-02  -1.27299005e-02  -4.14576298e-03   4.11637617e-02
    6.72610848e-03   1.12506351e-02  -2.00887163e-02   5.37985947e-02
    2.89543279e-02]
 [  1.92417605e-02  -8.03549012e-03   4.40271356e-03   5.00447232e-02
    1.00000000e+00   2.06171354e-02  -1.94160535e-02  -1.95082874e-02
   -4.76583293e-03  -1.05209269e-02  -1.50354147e-02   4.52059310e-02
   -7.76513908e-03   5.23799788e-02  -2.58742339e-02  -1.26597251e-02
   -3.32565178e-03   1.24665855e-02   3.77317412e-02   3.85754288e-02
    2.60160407e-02]
 [ -8.84154571e-02   5.05541101e-02   3.91419329e-02   3.74383983e-02
    2.06171354e-02   1.00000000e+00  -1.62791517e-02   9.74297227e-03
   -2.87579133e-02  -2.35356229e-02  -1.33537878e-02  -2.50770963e-02
    6.05520269e-03   3.50730929e-02  -1.83579731e-02  -2.36852385e-02
    7.93540455e-03   4.15237481e-02  -4.69581971e-04   2.38889203e-02
   -1.51464508e-02]
 [  1.12303150e-02   3.28975132e-02   2.88126894e-02  -3.21121848e-03
   -1.94160535e-02  -1.62791517e-02   1.00000000e+00   8.05484202e-02
    4.35641917e-02   3.65831864e-02   1.78684669e-03   4.64114305e-02
    1.00067713e-02  -2.39631949e-02   3.50901316e-02   1.61090705e-02
    4.15016243e-02   2.51714100e-02  -4.72449236e-02   3.71003912e-02
    1.58065959e-02]
 [  2.09804065e-02   7.94124695e-02  -2.06702916e-02   3.25580447e-02
   -1.95082874e-02   9.74297227e-03   8.05484202e-02   1.00000000e+00
    9.88402338e-04  -5.03452340e-03   6.90499286e-02   3.77028648e-02
    5.78828166e-02   4.71390799e-02   5.41343186e-02  -2.63399592e-02
    1.89989723e-02   6.11316242e-03  -4.31702172e-02   2.53220687e-02
   -7.57655404e-03]
 [  1.81416912e-02  -2.71128135e-02   2.48845720e-04   2.43654397e-02
   -4.76583293e-03  -2.87579133e-02   4.35641917e-02   9.88402338e-04
    1.00000000e+00   2.83196428e-02   3.85065754e-02   2.21891974e-03
   -2.67694334e-02   6.78554961e-03  -3.52332186e-02  -9.33084497e-03
    1.63104625e-02   4.78807073e-02   5.47654087e-02   5.07178325e-02
    5.73339374e-03]
 [  1.15652357e-02   4.25945094e-03   4.60835167e-02   1.70016159e-02
   -1.05209269e-02  -2.35356229e-02   3.65831864e-02  -5.03452340e-03
    2.83196428e-02   1.00000000e+00   2.89827804e-02  -2.04195135e-02
   -3.90843797e-02  -5.07966575e-03  -3.46434597e-02  -3.13774588e-02
    3.81157736e-02   3.57662911e-02   2.15926244e-02   8.33729712e-03
    3.64997254e-02]
 [  2.38075864e-02   2.20032541e-02   2.64484004e-02   5.41793730e-02
   -1.50354147e-02  -1.33537878e-02   1.78684669e-03   6.90499286e-02
    3.85065754e-02   2.89827804e-02   1.00000000e+00  -2.39884837e-02
    2.54698370e-02   5.76920294e-02   1.53773490e-02  -1.67350390e-02
   -3.63223095e-03  -4.00545047e-03  -7.11795303e-03   7.77691693e-03
    5.78335655e-03]
 [ -2.27047769e-02  -4.30929640e-02  -3.51305717e-02   1.80913268e-02
    4.52059310e-02  -2.50770963e-02   4.64114305e-02   3.77028648e-02
    2.21891974e-03  -2.04195135e-02  -2.39884837e-02   1.00000000e+00
   -6.42243055e-03   2.48190126e-02   1.16322619e-02  -7.04509897e-03
    1.27973320e-02   5.30050925e-03  -3.42312122e-02   1.93597584e-02
    1.46387022e-02]
 [ -3.33683734e-02   1.02536308e-02   3.05918071e-02  -1.68000466e-02
   -7.76513908e-03   6.05520269e-03   1.00067713e-02   5.78828166e-02
   -2.67694334e-02  -3.90843797e-02   2.54698370e-02  -6.42243055e-03
    1.00000000e+00   1.41443164e-03   3.46925533e-02  -5.64412984e-02
   -1.58375339e-02  -8.77185316e-03   4.32337571e-02   2.63692008e-02
    7.29898887e-02]
 [ -8.90353054e-04   5.65814469e-02   2.35732719e-02  -1.27299005e-02
    5.23799788e-02   3.50730929e-02  -2.39631949e-02   4.71390799e-02
    6.78554961e-03  -5.07966575e-03   5.76920294e-02   2.48190126e-02
    1.41443164e-03   1.00000000e+00   6.89474477e-02   5.49726872e-02
    4.00188288e-02   4.27984086e-02   3.52408923e-02   7.50416139e-02
    4.72004121e-02]
 [  3.09420241e-02   3.83329751e-02  -3.15166094e-02  -4.14576298e-03
   -2.58742339e-02  -1.83579731e-02   3.50901316e-02   5.41343186e-02
   -3.52332186e-02  -3.46434597e-02   1.53773490e-02   1.16322619e-02
    3.46925533e-02   6.89474477e-02   1.00000000e+00   2.74235197e-02
    9.35220750e-02   4.17370191e-02   6.07695861e-02   4.73251852e-02
    9.58996989e-02]
 [  1.52945840e-02   1.64105843e-03   2.03299963e-04   4.11637617e-02
   -1.26597251e-02  -2.36852385e-02   1.61090705e-02  -2.63399592e-02
   -9.33084497e-03  -3.13774588e-02  -1.67350390e-02  -7.04509897e-03
   -5.64412984e-02   5.49726872e-02   2.74235197e-02   1.00000000e+00
    5.12930472e-02   5.21901790e-02   3.84216528e-02   9.59379424e-02
    2.74947430e-02]
 [ -9.53483894e-03   1.15657271e-02   6.81816167e-02   6.72610848e-03
   -3.32565178e-03   7.93540455e-03   4.15016243e-02   1.89989723e-02
    1.63104625e-02   3.81157736e-02  -3.63223095e-03   1.27973320e-02
   -1.58375339e-02   4.00188288e-02   9.35220750e-02   5.12930472e-02
    1.00000000e+00   1.29501376e-01   1.54906947e-01   1.11466537e-01
    7.14963794e-02]
 [ -9.49606960e-03   4.47956712e-02  -8.17613570e-03   1.12506351e-02
    1.24665855e-02   4.15237481e-02   2.51714100e-02   6.11316242e-03
    4.78807073e-02   3.57662911e-02  -4.00545047e-03   5.30050925e-03
   -8.77185316e-03   4.27984086e-02   4.17370191e-02   5.21901790e-02
    1.29501376e-01   1.00000000e+00   1.08873843e-01   1.05739292e-01
    1.39091897e-01]
 [  2.90947481e-04  -4.42733769e-03  -3.10755836e-02  -2.00887163e-02
    3.77317412e-02  -4.69581971e-04  -4.72449236e-02  -4.31702172e-02
    5.47654087e-02   2.15926244e-02  -7.11795303e-03  -3.42312122e-02
    4.32337571e-02   3.52408923e-02   6.07695861e-02   3.84216528e-02
    1.54906947e-01   1.08873843e-01   1.00000000e+00   8.57651701e-02
    1.17099751e-01]
 [  3.53515707e-02   4.89349449e-03  -7.14528857e-02   5.37985947e-02
    3.85754288e-02   2.38889203e-02   3.71003912e-02   2.53220687e-02
    5.07178325e-02   8.33729712e-03   7.77691693e-03   1.93597584e-02
    2.63692008e-02   7.50416139e-02   4.73251852e-02   9.59379424e-02
    1.11466537e-01   1.05739292e-01   8.57651701e-02   1.00000000e+00
    1.10239007e-01]
 [  1.07920821e-02   4.10835212e-02   1.60190762e-02   2.89543279e-02
    2.60160407e-02  -1.51464508e-02   1.58065959e-02  -7.57655404e-03
    5.73339374e-03   3.64997254e-02   5.78335655e-03   1.46387022e-02
    7.29898887e-02   4.72004121e-02   9.58996989e-02   2.74947430e-02
    7.14963794e-02   1.39091897e-01   1.17099751e-01   1.10239007e-01
    1.00000000e+00]]

Signal-to-Noise ratio: 
[[ 46.05133909]]
