Covariance Matrix: 
[[  1.03560962e-07   7.12628285e-09   3.67439384e-09  -6.22781836e-10   1.92719480e-09  -9.54830023e-09   1.21978730e-09
    1.66528609e-09   1.40202700e-09   8.39903987e-10   1.53920783e-09  -1.31279636e-09  -1.74006932e-09  -3.69877054e-11
    1.07772702e-09   4.47448725e-10  -2.28659925e-10  -1.60839507e-10   3.65305466e-12   3.04962868e-10   5.68715666e-11
    1.22660342e-10   1.57806444e-11   4.57058277e-11   1.01630477e-11   1.01855621e-11   9.27361981e-12   8.90193660e-12
    9.06918228e-12   6.78396504e-12   7.05964427e-12   5.49774287e-12   5.22501810e-12   4.78841890e-12   4.04779100e-12
    3.83949698e-12   3.24089919e-12   3.06718759e-12   2.85575247e-12   2.65287110e-12   2.61295647e-12   2.60514392e-12
    2.78003566e-12]
 [  7.12628285e-09   1.30217212e-07   6.49289534e-09  -5.67985085e-09  -9.02462867e-10   6.12196015e-09   4.00674217e-09
    7.06805329e-09  -2.34957523e-09   3.46868558e-10   1.59516262e-09  -2.79397586e-09   5.99577530e-10   2.63575686e-09
    1.49716180e-09   5.38351354e-11   3.11018195e-10   8.50787402e-10  -6.23333369e-11   4.73362130e-11   2.42769301e-10
    1.96201735e-10   7.04272933e-11   6.88090953e-11   4.77352962e-11   3.81935710e-11   3.31645934e-11   2.88925568e-11
    2.72309911e-11   2.21527463e-11   2.05756084e-11   1.72817204e-11   1.55106316e-11   1.40409645e-11   1.19987329e-11
    1.10136785e-11   9.70343852e-12   8.91311348e-12   8.33765501e-12   7.72097846e-12   7.59054159e-12   7.56406151e-12
    8.06519572e-12]
 [  3.67439384e-09   6.49289534e-09   1.87340190e-07   1.09597430e-08   5.93087380e-10   5.68535487e-09   4.20914035e-09
   -2.20667817e-09   2.58658184e-11   4.50130261e-09   2.29984594e-09  -2.73201312e-09   2.14562632e-09   1.31714153e-09
   -1.47644401e-09   7.99945403e-12   2.19918331e-09  -1.86257760e-10  -5.24781242e-10  -8.29039954e-10   1.13538946e-10
    2.40536596e-10   8.55927041e-11   5.69517460e-11   7.76172047e-11   5.37232252e-11   4.97000905e-11   4.25948359e-11
    3.95065709e-11   3.17973232e-11   2.98473324e-11   2.48931060e-11   2.24903486e-11   2.02274492e-11   1.73749944e-11
    1.59064782e-11   1.40290457e-11   1.28707615e-11   1.20338459e-11   1.11972296e-11   1.09490400e-11   1.09647771e-11
    1.16585006e-11]
 [ -6.22781836e-10  -5.67985085e-09   1.09597430e-08   7.72101277e-08   4.32790979e-09   3.49103519e-09  -3.01162657e-10
    2.23137399e-09   1.62589299e-09   1.06611598e-09   3.02450958e-09   9.03211878e-10  -7.56451517e-10  -4.56624535e-10
   -1.24681959e-10   1.03982381e-09   1.39277082e-10   1.64537532e-10  -2.17787451e-10   4.00726696e-10   1.31747547e-10
    1.72367343e-11   4.99829434e-11   1.95536953e-11   2.48562929e-11   1.85565682e-11   1.74818090e-11   1.48740781e-11
    1.43118059e-11   1.12108410e-11   1.09206586e-11   8.83409106e-12   8.08490128e-12   7.37558482e-12   6.18440190e-12
    5.81472116e-12   4.98323672e-12   4.66120351e-12   4.34350921e-12   4.02788398e-12   3.96060760e-12   3.94896260e-12
    4.21071708e-12]
 [  1.92719480e-09  -9.02462867e-10   5.93087380e-10   4.32790979e-09   9.68647018e-08   2.15333167e-09  -2.03956647e-09
   -1.49754139e-09  -3.56206761e-10  -7.38948024e-10  -9.40117287e-10   2.52790225e-09  -3.91620564e-10   2.10448188e-09
   -8.71590098e-10  -3.58190957e-10  -7.71326414e-11   2.04211925e-10   4.58176859e-10   3.21835350e-10   1.32591563e-10
   -8.86323546e-11   7.36460628e-11   2.32384244e-11   2.21302494e-11   2.22296325e-11   1.61650619e-11   1.50328076e-11
    1.42110909e-11   1.12563937e-11   1.08407246e-11   8.58657951e-12   7.96005696e-12   7.19727884e-12   6.14038307e-12
    5.64859228e-12   4.96340643e-12   4.59691191e-12   4.23173047e-12   3.95997218e-12   3.87808246e-12   3.88103061e-12
    4.13368146e-12]
 [ -9.54830023e-09   6.12196015e-09   5.68535487e-09   3.49103519e-09   2.15333167e-09   1.12615887e-07  -1.84385061e-09
    8.06432859e-10  -2.31759622e-09  -1.78238963e-09  -9.00301883e-10  -1.51202567e-09   3.29277453e-10   1.51939606e-09
   -6.66786156e-10  -7.22578710e-10   1.98448382e-10   7.33410603e-10  -6.14829613e-12   2.14900073e-10  -8.32343560e-11
   -4.42846477e-12   2.38665883e-12   1.90621370e-12  -1.49423242e-11  -1.05717874e-11  -8.22309372e-12  -6.13416962e-12
   -5.85027344e-12  -4.21194172e-12  -3.95841279e-12  -3.20950815e-12  -2.88012261e-12  -2.57124503e-12  -2.13446386e-12
   -1.96081853e-12  -1.72975598e-12  -1.57909584e-12  -1.48136690e-12  -1.34333103e-12  -1.34611710e-12  -1.31303170e-12
   -1.41586209e-12]
 [  1.21978730e-09   4.00674217e-09   4.20914035e-09  -3.01162657e-10  -2.03956647e-09  -1.84385061e-09   1.13916927e-07
    6.70545225e-09   3.53105402e-09   2.78645978e-09   1.21161677e-10   2.81449947e-09   5.47295129e-10  -1.04408522e-09
    1.28186161e-09   4.94279025e-10   1.04384949e-09   4.47149222e-10  -6.22146714e-10   3.35670232e-10   8.73623672e-11
    4.71859693e-11   1.04911775e-10   6.43955860e-11   4.66999056e-11   4.08258334e-11   3.53531462e-11   3.11699575e-11
    2.97728312e-11   2.37535891e-11   2.25084316e-11   1.87163887e-11   1.69605070e-11   1.53485920e-11   1.31081586e-11
    1.21099261e-11   1.05592350e-11   9.73995439e-12   9.13928838e-12   8.47839087e-12   8.31079416e-12   8.30062947e-12
    8.83881026e-12]
 [  1.66528609e-09   7.06805329e-09  -2.20667817e-09   2.23137399e-09  -1.49754139e-09   8.06432859e-10   6.70545225e-09
    6.08350451e-08   5.85451944e-11  -2.80228562e-10   3.42155878e-09   1.67083419e-09   2.31344964e-09   1.50091161e-09
    1.44514560e-09  -5.90608350e-10   3.49209206e-10   7.93585378e-11  -4.15436530e-10   1.67423459e-10  -3.06013478e-11
    7.74223022e-11   5.55013530e-11   7.01556958e-11   5.12180503e-11   4.04908504e-11   3.72339646e-11   3.06325776e-11
    2.90128517e-11   2.38430231e-11   2.18177343e-11   1.86330673e-11   1.66101211e-11   1.50803815e-11   1.27798570e-11
    1.18036037e-11   1.03665538e-11   9.54318678e-12   8.92084532e-12   8.26942757e-12   8.12150662e-12   8.10633864e-12
    8.63656591e-12]
 [  1.40202700e-09  -2.34957523e-09   2.58658184e-11   1.62589299e-09  -3.56206761e-10  -2.31759622e-09   3.53105402e-09
    5.85451944e-11   5.76714861e-08   1.53477763e-09   1.85780155e-09   9.57423867e-11  -1.04172534e-09   2.10359776e-10
   -9.15787908e-10  -2.03708482e-10   2.91894227e-10   6.05190265e-10   5.13133579e-10   3.26498707e-10   2.25467657e-11
    3.56232865e-11   2.02864279e-11   4.96744064e-11   2.86216105e-11   2.69439429e-11   2.22918208e-11   1.95417296e-11
    1.85560748e-11   1.48057302e-11   1.39738688e-11   1.16206669e-11   1.04751866e-11   9.52378453e-12   8.04195403e-12
    7.45440236e-12   6.52284297e-12   6.02121529e-12   5.60995313e-12   5.21813718e-12   5.12275753e-12   5.10514536e-12
    5.44595991e-12]
 [  8.39903987e-10   3.46868558e-10   4.50130261e-09   1.06611598e-09  -7.38948024e-10  -1.78238963e-09   2.78645978e-09
   -2.80228562e-10   1.53477763e-09   5.09277202e-08   1.31401710e-09  -8.27950920e-10  -1.42926849e-09  -1.47982157e-10
   -8.46175387e-10  -6.43728080e-10   6.41003667e-10   4.24816944e-10   1.90119244e-10   5.04362288e-11   1.34883438e-10
   -5.91930332e-12   2.65078320e-11   3.29030901e-11   1.93061741e-11   1.58164827e-11   1.41980191e-11   1.20583653e-11
    1.12716059e-11   9.27499950e-12   8.62776618e-12   7.26039121e-12   6.51614322e-12   5.89942074e-12   5.02763186e-12
    4.64726891e-12   4.05835278e-12   3.76011770e-12   3.50525495e-12   3.24152134e-12   3.19931469e-12   3.17814732e-12
    3.39773061e-12]
 [  1.53920783e-09   1.59516262e-09   2.29984594e-09   3.02450958e-09  -9.40117287e-10  -9.00301883e-10   1.21161677e-10
    3.42155878e-09   1.85780155e-09   1.31401710e-09   4.03615382e-08  -8.65901990e-10   8.29169839e-10   1.49622453e-09
    3.34370028e-10  -3.05645603e-10  -5.43795948e-11  -4.23531802e-11  -5.57933584e-11   4.18823965e-11   1.90263611e-11
    1.35474695e-10   3.42590908e-11   4.13292236e-11   3.67244554e-11   3.04422495e-11   2.72465228e-11   2.29612450e-11
    2.12926171e-11   1.74219674e-11   1.60412882e-11   1.35337905e-11   1.21168338e-11   1.09502049e-11   9.35863281e-12
    8.59243765e-12   7.55514790e-12   6.93898447e-12   6.50265813e-12   6.02234770e-12   5.90643317e-12   5.90499281e-12
    6.28331877e-12]
 [ -1.31279636e-09  -2.79397586e-09  -2.73201312e-09   9.03211878e-10   2.52790225e-09  -1.51202567e-09   2.81449947e-09
    1.67083419e-09   9.57423867e-11  -8.27950920e-10  -8.65901990e-10   3.22822779e-08  -1.86988535e-10   5.75656859e-10
    2.26208163e-10  -1.15073879e-10   1.71348450e-10   5.01245502e-11  -2.39964996e-10   9.32442863e-11   4.30701688e-11
    4.29141310e-11   3.57545696e-11   7.54164669e-12   2.96686078e-12   3.86022535e-12   3.12106136e-12   2.66041245e-12
    2.67812692e-12   1.95639384e-12   1.97438989e-12   1.58681401e-12   1.46332196e-12   1.35052620e-12   1.11373900e-12
    1.03446483e-12   9.20085841e-13   8.37391474e-13   7.94097619e-13   7.27426221e-13   7.16180401e-13   7.16287400e-13
    7.61560033e-13]
 [ -1.74006932e-09   5.99577530e-10   2.14562632e-09  -7.56451517e-10  -3.91620564e-10   3.29277453e-10   5.47295129e-10
    2.31344964e-09  -1.04172534e-09  -1.42926849e-09   8.29169839e-10  -1.86988535e-10   2.62583210e-08   2.95877906e-11
    6.08459610e-10  -8.31453644e-10  -1.91249229e-10  -7.48127527e-11   2.73337983e-10   1.14543554e-10   1.93681478e-10
    4.75595064e-11   3.54004388e-11   2.28220371e-11   3.24750375e-11   2.47711612e-11   2.34425000e-11   1.97403129e-11
    1.80725055e-11   1.53180908e-11   1.37368846e-11   1.18939912e-11   1.05213513e-11   9.51089519e-12   8.13542175e-12
    7.43758194e-12   6.60680229e-12   6.03764456e-12   5.65316113e-12   5.24125116e-12   5.13876803e-12   5.14031698e-12
    5.47037209e-12]
 [ -3.69877054e-11   2.63575686e-09   1.31714153e-09  -4.56624535e-10   2.10448188e-09   1.51939606e-09  -1.04408522e-09
    1.50091161e-09   2.10359776e-10  -1.47982157e-10   1.49622453e-09   5.75656859e-10   2.95877906e-11   1.66645733e-08
    9.63334929e-10   6.45136530e-10   3.84981740e-10   2.90787360e-10   1.77495573e-10   2.59680581e-10   9.97780017e-11
    5.81665962e-11   4.70517869e-11   2.71068712e-11   2.29420118e-11   1.96652812e-11   1.71942469e-11   1.44897653e-11
    1.33753835e-11   1.10320209e-11   1.00491727e-11   8.60713298e-12   7.64799386e-12   6.90320746e-12   5.92467419e-12
    5.42120556e-12   4.78707020e-12   4.39190754e-12   4.10113332e-12   3.81601691e-12   3.73132377e-12   3.74016866e-12
    3.97651330e-12]
 [  1.07772702e-09   1.49716180e-09  -1.47644401e-09  -1.24681959e-10  -8.71590098e-10  -6.66786156e-10   1.28186161e-09
    1.44514560e-09  -9.15787908e-10  -8.46175387e-10   3.34370028e-10   2.26208163e-10   6.08459610e-10   9.63334929e-10
    1.17145073e-08   2.69831580e-10   7.54318582e-10   2.37757512e-10   2.56620782e-10   1.37307591e-10   1.69969568e-10
    4.69868463e-11   4.51511258e-11   2.36163870e-11   1.96469679e-11   1.44702843e-11   1.30201677e-11   1.10108957e-11
    1.00413585e-11   8.47013163e-12   7.56300858e-12   6.60721465e-12   5.80920941e-12   5.23115744e-12   4.50646396e-12
    4.10321146e-12   3.64489837e-12   3.32591286e-12   3.12208450e-12   2.89146086e-12   2.83295639e-12   2.83616753e-12
    3.01504089e-12]
 [  4.47448725e-10   5.38351354e-11   7.99945403e-12   1.03982381e-09  -3.58190957e-10  -7.22578710e-10   4.94279025e-10
   -5.90608350e-10  -2.03708482e-10  -6.43728080e-10  -3.05645603e-10  -1.15073879e-10  -8.31453644e-10   6.45136530e-10
    2.69831580e-10   8.26447245e-09   3.47491932e-10   2.49716455e-10   1.36278437e-10   2.33796593e-10   4.09306974e-11
    8.33478716e-11   4.94674259e-11   2.68380165e-11   1.71985223e-11   1.17329169e-11   1.02472088e-11   8.62602489e-12
    7.87053687e-12   6.59867584e-12   5.93572020e-12   5.09527043e-12   4.51665595e-12   4.06016051e-12   3.50058007e-12
    3.17709947e-12   2.83208092e-12   2.58497997e-12   2.40913326e-12   2.24588272e-12   2.19203984e-12   2.20152131e-12
    2.33834291e-12]
 [ -2.28659925e-10   3.11018195e-10   2.19918331e-09   1.39277082e-10  -7.71326414e-11   1.98448382e-10   1.04384949e-09
    3.49209206e-10   2.91894227e-10   6.41003667e-10  -5.43795948e-11   1.71348450e-10  -1.91249229e-10   3.84981740e-10
    7.54318582e-10   3.47491932e-10   5.55337902e-09   5.07929978e-10   4.50394505e-10   2.22670855e-10   8.72478270e-11
    6.65368461e-11   3.82849928e-11   1.67785106e-11   1.46458821e-11   1.07792310e-11   9.26987515e-12   7.90032047e-12
    7.11900513e-12   6.14687001e-12   5.44934895e-12   4.75140243e-12   4.18841070e-12   3.74322003e-12   3.27062436e-12
    2.94290402e-12   2.64166406e-12   2.40399264e-12   2.24299581e-12   2.09007760e-12   2.04061350e-12   2.04927491e-12
    2.17713060e-12]
 [ -1.60839507e-10   8.50787402e-10  -1.86257760e-10   1.64537532e-10   2.04211925e-10   7.33410603e-10   4.47149222e-10
    7.93585378e-11   6.05190265e-10   4.24816944e-10  -4.23531802e-11   5.01245502e-11  -7.48127527e-11   2.90787360e-10
    2.37757512e-10   2.49716455e-10   5.07929978e-10   2.77013931e-09   2.23572245e-10   1.49185775e-10   1.19879397e-10
    6.24253032e-11   3.45014662e-11   1.23640504e-11   1.22812608e-11   9.47332828e-12   8.09833578e-12   6.99665416e-12
    6.40246611e-12   5.37810543e-12   4.84957850e-12   4.18495118e-12   3.70421009e-12   3.33637423e-12   2.87265425e-12
    2.61585061e-12   2.32422248e-12   2.12983827e-12   1.97877162e-12   1.84910920e-12   1.80498095e-12   1.81130795e-12
    1.92541904e-12]
 [  3.65305466e-12  -6.23333369e-11  -5.24781242e-10  -2.17787451e-10   4.58176859e-10  -6.14829613e-12  -6.22146714e-10
   -4.15436530e-10   5.13133579e-10   1.90119244e-10  -5.57933584e-11  -2.39964996e-10   2.73337983e-10   1.77495573e-10
    2.56620782e-10   1.36278437e-10   4.50394505e-10   2.23572245e-10   1.52225378e-09   8.97004649e-11   7.48154711e-11
    4.56860610e-11   3.01314113e-11   1.57172615e-11   1.10929196e-11   8.55029749e-12   7.14552531e-12   6.09773842e-12
    5.53530731e-12   4.60772542e-12   4.14647551e-12   3.56017312e-12   3.14813033e-12   2.81991657e-12   2.44178657e-12
    2.21029690e-12   1.96728152e-12   1.79697936e-12   1.67303755e-12   1.56077138e-12   1.52198781e-12   1.52941092e-12
    1.62425346e-12]
 [  3.04962868e-10   4.73362130e-11  -8.29039954e-10   4.00726696e-10   3.21835350e-10   2.14900073e-10   3.35670232e-10
    1.67423459e-10   3.26498707e-10   5.04362288e-11   4.18823965e-11   9.32442863e-11   1.14543554e-10   2.59680581e-10
    1.37307591e-10   2.33796593e-10   2.22670855e-10   1.49185775e-10   8.97004649e-11   7.18588759e-10   4.83913142e-11
    4.67863103e-11   3.21873552e-11   1.75906258e-11   1.15242607e-11   9.14865926e-12   7.98158521e-12   6.70999234e-12
    6.11829438e-12   5.15257986e-12   4.60096848e-12   3.98321397e-12   3.51284410e-12   3.15161037e-12   2.72274028e-12
    2.47114902e-12   2.19653351e-12   2.00404169e-12   1.87461107e-12   1.74484582e-12   1.70265697e-12   1.70930019e-12
    1.81524845e-12]
 [  5.68715666e-11   2.42769301e-10   1.13538946e-10   1.31747547e-10   1.32591563e-10  -8.32343560e-11   8.73623672e-11
   -3.06013478e-11   2.25467657e-11   1.34883438e-10   1.90263611e-11   4.30701688e-11   1.93681478e-10   9.97780017e-11
    1.69969568e-10   4.09306974e-11   8.72478270e-11   1.19879397e-10   7.48154711e-11   4.83913142e-11   2.68153719e-10
    3.11832750e-11   2.01937746e-11   1.35686171e-11   1.00587674e-11   8.04153015e-12   6.99101812e-12   5.89308470e-12
    5.36175021e-12   4.46654175e-12   4.02242638e-12   3.45330128e-12   3.05634437e-12   2.74296527e-12   2.36382508e-12
    2.15005673e-12   1.90618603e-12   1.74286384e-12   1.62721829e-12   1.51515064e-12   1.47976224e-12   1.48365680e-12
    1.57664654e-12]
 [  1.22660342e-10   1.96201735e-10   2.40536596e-10   1.72367343e-11  -8.86323546e-11  -4.42846477e-12   4.71859693e-11
    7.74223022e-11   3.56232865e-11  -5.91930332e-12   1.35474695e-10   4.29141310e-11   4.75595064e-11   5.81665962e-11
    4.69868463e-11   8.33478716e-11   6.65368461e-11   6.24253032e-11   4.56860610e-11   4.67863103e-11   3.11832750e-11
    8.00705708e-11   1.43549244e-11   1.02467797e-11   7.09774957e-12   5.62433875e-12   4.90509149e-12   4.12896097e-12
    3.77793754e-12   3.12127566e-12   2.82637328e-12   2.41633500e-12   2.14184141e-12   1.92354807e-12   1.65651973e-12
    1.50734539e-12   1.33513256e-12   1.22149623e-12   1.14033559e-12   1.06097122e-12   1.03697791e-12   1.03923089e-12
    1.10470112e-12]
 [  1.57806444e-11   7.04272933e-11   8.55927041e-11   4.99829434e-11   7.36460628e-11   2.38665883e-12   1.04911775e-10
    5.55013530e-11   2.02864279e-11   2.65078320e-11   3.42590908e-11   3.57545696e-11   3.54004388e-11   4.70517869e-11
    4.51511258e-11   4.94674259e-11   3.82849928e-11   3.45014662e-11   3.01314113e-11   3.21873552e-11   2.01937746e-11
    1.43549244e-11   2.18817530e-11   8.06572761e-12   6.13012732e-12   5.05726729e-12   4.38858520e-12   3.69293024e-12
    3.36954952e-12   2.79177136e-12   2.52280242e-12   2.15672504e-12   1.91123950e-12   1.71728685e-12   1.47754069e-12
    1.34522550e-12   1.19138949e-12   1.09005743e-12   1.01768896e-12   9.46666303e-13   9.25343230e-13   9.27419687e-13
    9.85888642e-13]
 [  4.57058277e-11   6.88090953e-11   5.69517460e-11   1.95536953e-11   2.32384244e-11   1.90621370e-12   6.43955860e-11
    7.01556958e-11   4.96744064e-11   3.29030901e-11   4.13292236e-11   7.54164669e-12   2.28220371e-11   2.71068712e-11
    2.36163870e-11   2.68380165e-11   1.67785106e-11   1.23640504e-11   1.57172615e-11   1.75906258e-11   1.35686171e-11
    1.02467797e-11   8.06572761e-12   8.06802101e-12   5.17742391e-12   4.32278091e-12   3.78127002e-12   3.18587561e-12
    2.90971821e-12   2.41361120e-12   2.18006556e-12   1.86494561e-12   1.65245579e-12   1.48609595e-12   1.27749117e-12
    1.16365248e-12   1.03092594e-12   9.43013519e-13   8.80798658e-13   8.19057674e-13   8.00852918e-13   8.02389875e-13
    8.53051301e-13]
 [  1.01630477e-11   4.77352962e-11   7.76172047e-11   2.48562929e-11   2.21302494e-11  -1.49423242e-11   4.66999056e-11
    5.12180503e-11   2.86216105e-11   1.93061741e-11   3.67244554e-11   2.96686078e-12   3.24750375e-11   2.29420118e-11
    1.96469679e-11   1.71985223e-11   1.46458821e-11   1.22812608e-11   1.10929196e-11   1.15242607e-11   1.00587674e-11
    7.09774957e-12   6.13012732e-12   5.17742391e-12   4.41670737e-12   3.58715344e-12   3.14251766e-12   2.65254535e-12
    2.42291103e-12   2.01149251e-12   1.81847594e-12   1.55470132e-12   1.37867212e-12   1.23995492e-12   1.06616325e-12
    9.71264853e-13   8.60477790e-13   7.87255790e-13   7.35212748e-13   6.83729930e-13   6.68561696e-13   6.69868614e-13
    7.12167620e-13]
 [  1.01855621e-11   3.81935710e-11   5.37232252e-11   1.85565682e-11   2.22296325e-11  -1.05717874e-11   4.08258334e-11
    4.04908504e-11   2.69439429e-11   1.58164827e-11   3.04422495e-11   3.86022535e-12   2.47711612e-11   1.96652812e-11
    1.44702843e-11   1.17329169e-11   1.07792310e-11   9.47332828e-12   8.55029749e-12   9.14865926e-12   8.04153015e-12
    5.62433875e-12   5.05726729e-12   4.32278091e-12   3.58715344e-12   3.04617993e-12   2.65647657e-12   2.24545112e-12
    2.05333052e-12   1.70407146e-12   1.54171784e-12   1.31764729e-12   1.16890559e-12   1.05157236e-12   9.03982845e-13
    8.23786183e-13   7.29661715e-13   6.67697807e-13   6.23549165e-13   5.79873093e-13   5.67053401e-13   5.68135022e-13
    6.04035826e-13]
 [  9.27361981e-12   3.31645934e-11   4.97000905e-11   1.74818090e-11   1.61650619e-11  -8.22309372e-12   3.53531462e-11
    3.72339646e-11   2.22918208e-11   1.41980191e-11   2.72465228e-11   3.12106136e-12   2.34425000e-11   1.71942469e-11
    1.30201677e-11   1.02472088e-11   9.26987515e-12   8.09833578e-12   7.14552531e-12   7.98158521e-12   6.99101812e-12
    4.90509149e-12   4.38858520e-12   3.78127002e-12   3.14251766e-12   2.65647657e-12   2.34137533e-12   1.97469133e-12
    1.80620542e-12   1.50103232e-12   1.35666339e-12   1.16131389e-12   1.02953833e-12   9.26305666e-13   7.96315960e-13
    7.25660307e-13   6.42871788e-13   5.88180470e-13   5.49432197e-13   5.10876876e-13   4.99618573e-13   5.00531002e-13
    5.32172571e-13]
 [  8.90193660e-12   2.88925568e-11   4.25948359e-11   1.48740781e-11   1.50328076e-11  -6.13416962e-12   3.11699575e-11
    3.06325776e-11   1.95417296e-11   1.20583653e-11   2.29612450e-11   2.66041245e-12   1.97403129e-11   1.44897653e-11
    1.10108957e-11   8.62602489e-12   7.90032047e-12   6.99665416e-12   6.09773842e-12   6.70999234e-12   5.89308470e-12
    4.12896097e-12   3.69293024e-12   3.18587561e-12   2.65254535e-12   2.24545112e-12   1.97469133e-12   1.66974400e-12
    1.52749192e-12   1.26900750e-12   1.14784176e-12   9.81931693e-13   8.70911531e-13   7.83601174e-13   6.73702915e-13
    6.13950888e-13   5.43873139e-13   4.97659317e-13   4.64824299e-13   4.32244351e-13   4.22701688e-13   4.23504759e-13
    4.50266586e-13]
 [  9.06918228e-12   2.72309911e-11   3.95065709e-11   1.43118059e-11   1.42110909e-11  -5.85027344e-12   2.97728312e-11
    2.90128517e-11   1.85560748e-11   1.12716059e-11   2.12926171e-11   2.67812692e-12   1.80725055e-11   1.33753835e-11
    1.00413585e-11   7.87053687e-12   7.11900513e-12   6.40246611e-12   5.53530731e-12   6.11829438e-12   5.36175021e-12
    3.77793754e-12   3.36954952e-12   2.90971821e-12   2.42291103e-12   2.05333052e-12   1.80620542e-12   1.52749192e-12
    1.39949003e-12   1.16116912e-12   1.05164337e-12   8.98939093e-13   7.97715943e-13   7.17967199e-13   6.16976915e-13
    5.62547267e-13   4.98110922e-13   4.55919085e-13   4.25837924e-13   3.95963791e-13   3.87277757e-13   3.87951460e-13
    4.12502434e-13]
 [  6.78396504e-12   2.21527463e-11   3.17973232e-11   1.12108410e-11   1.12563937e-11  -4.21194172e-12   2.37535891e-11
    2.38430231e-11   1.48057302e-11   9.27499950e-12   1.74219674e-11   1.95639384e-12   1.53180908e-11   1.10320209e-11
    8.47013163e-12   6.59867584e-12   6.14687001e-12   5.37810543e-12   4.60772542e-12   5.15257986e-12   4.46654175e-12
    3.12127566e-12   2.79177136e-12   2.41361120e-12   2.01149251e-12   1.70407146e-12   1.50103232e-12   1.26900750e-12
    1.16116912e-12   9.65511367e-13   8.72911752e-13   7.47175700e-13   6.62567464e-13   5.96182024e-13   5.12591882e-13
    4.67108510e-13   4.13859305e-13   3.78663573e-13   3.53703598e-13   3.28896092e-13   3.21650152e-13   3.22249070e-13
    3.42618815e-13]
 [  7.05964427e-12   2.05756084e-11   2.98473324e-11   1.09206586e-11   1.08407246e-11  -3.95841279e-12   2.25084316e-11
    2.18177343e-11   1.39738688e-11   8.62776618e-12   1.60412882e-11   1.97438989e-12   1.37368846e-11   1.00491727e-11
    7.56300858e-12   5.93572020e-12   5.44934895e-12   4.84957850e-12   4.14647551e-12   4.60096848e-12   4.02242638e-12
    2.82637328e-12   2.52280242e-12   2.18006556e-12   1.81847594e-12   1.54171784e-12   1.35666339e-12   1.14784176e-12
    1.05164337e-12   8.72911752e-13   7.90554124e-13   6.75784114e-13   5.99721114e-13   5.39772997e-13   4.63880716e-13
    4.22941605e-13   3.74526515e-13   3.42794727e-13   3.20180277e-13   2.97718410e-13   2.91188796e-13   2.91697786e-13
    3.10156830e-13]
 [  5.49774287e-12   1.72817204e-11   2.48931060e-11   8.83409106e-12   8.58657951e-12  -3.20950815e-12   1.87163887e-11
    1.86330673e-11   1.16206669e-11   7.26039121e-12   1.35337905e-11   1.58681401e-12   1.18939912e-11   8.60713298e-12
    6.60721465e-12   5.09527043e-12   4.75140243e-12   4.18495118e-12   3.56017312e-12   3.98321397e-12   3.45330128e-12
    2.41633500e-12   2.15672504e-12   1.86494561e-12   1.55470132e-12   1.31764729e-12   1.16131389e-12   9.81931693e-13
    8.98939093e-13   7.47175700e-13   6.75784114e-13   5.78417594e-13   5.12964559e-13   4.61618670e-13   3.96845964e-13
    3.61695946e-13   3.20413282e-13   2.93194092e-13   2.73872465e-13   2.54658360e-13   2.49057553e-13   2.49512287e-13
    2.65289493e-13]
 [  5.22501810e-12   1.55106316e-11   2.24903486e-11   8.08490128e-12   7.96005696e-12  -2.88012261e-12   1.69605070e-11
    1.66101211e-11   1.04751866e-11   6.51614322e-12   1.21168338e-11   1.46332196e-12   1.05213513e-11   7.64799386e-12
    5.80920941e-12   4.51665595e-12   4.18841070e-12   3.70421009e-12   3.14813033e-12   3.51284410e-12   3.05634437e-12
    2.14184141e-12   1.91123950e-12   1.65245579e-12   1.37867212e-12   1.16890559e-12   1.02953833e-12   8.70911531e-13
    7.97715943e-13   6.62567464e-13   5.99721114e-13   5.12964559e-13   4.55101631e-13   4.09586723e-13   3.52050874e-13
    3.20935988e-13   2.84245728e-13   2.60136408e-13   2.42983917e-13   2.25937427e-13   2.20977022e-13   2.21370460e-13
    2.35374790e-13]
 [  4.78841890e-12   1.40409645e-11   2.02274492e-11   7.37558482e-12   7.19727884e-12  -2.57124503e-12   1.53485920e-11
    1.50803815e-11   9.52378453e-12   5.89942074e-12   1.09502049e-11   1.35052620e-12   9.51089519e-12   6.90320746e-12
    5.23115744e-12   4.06016051e-12   3.74322003e-12   3.33637423e-12   2.81991657e-12   3.15161037e-12   2.74296527e-12
    1.92354807e-12   1.71728685e-12   1.48609595e-12   1.23995492e-12   1.05157236e-12   9.26305666e-13   7.83601174e-13
    7.17967199e-13   5.96182024e-13   5.39772997e-13   4.61618670e-13   4.09586723e-13   3.68666179e-13   3.16820538e-13
    2.88866913e-13   2.55812370e-13   2.34131674e-13   2.18695809e-13   2.03347655e-13   1.98891720e-13   1.99236597e-13
    2.11845799e-13]
 [  4.04779100e-12   1.19987329e-11   1.73749944e-11   6.18440190e-12   6.14038307e-12  -2.13446386e-12   1.31081586e-11
    1.27798570e-11   8.04195403e-12   5.02763186e-12   9.35863281e-12   1.11373900e-12   8.13542175e-12   5.92467419e-12
    4.50646396e-12   3.50058007e-12   3.27062436e-12   2.87265425e-12   2.44178657e-12   2.72274028e-12   2.36382508e-12
    1.65651973e-12   1.47754069e-12   1.27749117e-12   1.06616325e-12   9.03982845e-13   7.96315960e-13   6.73702915e-13
    6.16976915e-13   5.12591882e-13   4.63880716e-13   3.96845964e-13   3.52050874e-13   3.16820538e-13   2.72364868e-13
    2.48257768e-13   2.19900931e-13   2.01237097e-13   1.87968866e-13   1.74784829e-13   1.70942217e-13   1.71253587e-13
    1.82083625e-13]
 [  3.83949698e-12   1.10136785e-11   1.59064782e-11   5.81472116e-12   5.64859228e-12  -1.96081853e-12   1.21099261e-11
    1.18036037e-11   7.45440236e-12   4.64726891e-12   8.59243765e-12   1.03446483e-12   7.43758194e-12   5.42120556e-12
    4.10321146e-12   3.17709947e-12   2.94290402e-12   2.61585061e-12   2.21029690e-12   2.47114902e-12   2.15005673e-12
    1.50734539e-12   1.34522550e-12   1.16365248e-12   9.71264853e-13   8.23786183e-13   7.25660307e-13   6.13950888e-13
    5.62547267e-13   4.67108510e-13   4.22941605e-13   3.61695946e-13   3.20935988e-13   2.88866913e-13   2.48257768e-13
    2.26351730e-13   2.00445175e-13   1.83460758e-13   1.71364590e-13   1.59339751e-13   1.55846763e-13   1.56119004e-13
    1.65998475e-13]
 [  3.24089919e-12   9.70343852e-12   1.40290457e-11   4.98323672e-12   4.96340643e-12  -1.72975598e-12   1.05592350e-11
    1.03665538e-11   6.52284297e-12   4.05835278e-12   7.55514790e-12   9.20085841e-13   6.60680229e-12   4.78707020e-12
    3.64489837e-12   2.83208092e-12   2.64166406e-12   2.32422248e-12   1.96728152e-12   2.19653351e-12   1.90618603e-12
    1.33513256e-12   1.19138949e-12   1.03092594e-12   8.60477790e-13   7.29661715e-13   6.42871788e-13   5.43873139e-13
    4.98110922e-13   4.13859305e-13   3.74526515e-13   3.20413282e-13   2.84245728e-13   2.55812370e-13   2.19900931e-13
    2.00445175e-13   1.77552816e-13   1.62481889e-13   1.51770370e-13   1.41123576e-13   1.38023324e-13   1.38272152e-13
    1.47017847e-13]
 [  3.06718759e-12   8.91311348e-12   1.28707615e-11   4.66120351e-12   4.59691191e-12  -1.57909584e-12   9.73995439e-12
    9.54318678e-12   6.02121529e-12   3.76011770e-12   6.93898447e-12   8.37391474e-13   6.03764456e-12   4.39190754e-12
    3.32591286e-12   2.58497997e-12   2.40399264e-12   2.12983827e-12   1.79697936e-12   2.00404169e-12   1.74286384e-12
    1.22149623e-12   1.09005743e-12   9.43013519e-13   7.87255790e-13   6.67697807e-13   5.88180470e-13   4.97659317e-13
    4.55919085e-13   3.78663573e-13   3.42794727e-13   2.93194092e-13   2.60136408e-13   2.34131674e-13   2.01237097e-13
    1.83460758e-13   1.62481889e-13   1.48706388e-13   1.38898838e-13   1.29155062e-13   1.26321310e-13   1.26544939e-13
    1.34551630e-13]
 [  2.85575247e-12   8.33765501e-12   1.20338459e-11   4.34350921e-12   4.23173047e-12  -1.48136690e-12   9.13928838e-12
    8.92084532e-12   5.60995313e-12   3.50525495e-12   6.50265813e-12   7.94097619e-13   5.65316113e-12   4.10113332e-12
    3.12208450e-12   2.40913326e-12   2.24299581e-12   1.97877162e-12   1.67303755e-12   1.87461107e-12   1.62721829e-12
    1.14033559e-12   1.01768896e-12   8.80798658e-13   7.35212748e-13   6.23549165e-13   5.49432197e-13   4.64824299e-13
    4.25837924e-13   3.53703598e-13   3.20180277e-13   2.73872465e-13   2.42983917e-13   2.18695809e-13   1.87968866e-13
    1.71364590e-13   1.51770370e-13   1.38898838e-13   1.29745913e-13   1.20639299e-13   1.17993703e-13   1.18201758e-13
    1.25680270e-13]
 [  2.65287110e-12   7.72097846e-12   1.11972296e-11   4.02788398e-12   3.95997218e-12  -1.34333103e-12   8.47839087e-12
    8.26942757e-12   5.21813718e-12   3.24152134e-12   6.02234770e-12   7.27426221e-13   5.24125116e-12   3.81601691e-12
    2.89146086e-12   2.24588272e-12   2.09007760e-12   1.84910920e-12   1.56077138e-12   1.74484582e-12   1.51515064e-12
    1.06097122e-12   9.46666303e-13   8.19057674e-13   6.83729930e-13   5.79873093e-13   5.10876876e-13   4.32244351e-13
    3.95963791e-13   3.28896092e-13   2.97718410e-13   2.54658360e-13   2.25937427e-13   2.03347655e-13   1.74784829e-13
    1.59339751e-13   1.41123576e-13   1.29155062e-13   1.20639299e-13   1.12176791e-13   1.09713881e-13   1.09909576e-13
    1.16862631e-13]
 [  2.61295647e-12   7.59054159e-12   1.09490400e-11   3.96060760e-12   3.87808246e-12  -1.34611710e-12   8.31079416e-12
    8.12150662e-12   5.12275753e-12   3.19931469e-12   5.90643317e-12   7.16180401e-13   5.13876803e-12   3.73132377e-12
    2.83295639e-12   2.19203984e-12   2.04061350e-12   1.80498095e-12   1.52198781e-12   1.70265697e-12   1.47976224e-12
    1.03697791e-12   9.25343230e-13   8.00852918e-13   6.68561696e-13   5.67053401e-13   4.99618573e-13   4.22701688e-13
    3.87277757e-13   3.21650152e-13   2.91188796e-13   2.49057553e-13   2.20977022e-13   1.98891720e-13   1.70942217e-13
    1.55846763e-13   1.38023324e-13   1.26321310e-13   1.17993703e-13   1.09713881e-13   1.07308334e-13   1.07496466e-13
    1.14298629e-13]
 [  2.60514392e-12   7.56406151e-12   1.09647771e-11   3.94896260e-12   3.88103061e-12  -1.31303170e-12   8.30062947e-12
    8.10633864e-12   5.10514536e-12   3.17814732e-12   5.90499281e-12   7.16287400e-13   5.14031698e-12   3.74016866e-12
    2.83616753e-12   2.20152131e-12   2.04927491e-12   1.81130795e-12   1.52941092e-12   1.70930019e-12   1.48365680e-12
    1.03923089e-12   9.27419687e-13   8.02389875e-13   6.69868614e-13   5.68135022e-13   5.00531002e-13   4.23504759e-13
    3.87951460e-13   3.22249070e-13   2.91697786e-13   2.49512287e-13   2.21370460e-13   1.99236597e-13   1.71253587e-13
    1.56119004e-13   1.38272152e-13   1.26544939e-13   1.18201758e-13   1.09909576e-13   1.07496466e-13   1.07688830e-13
    1.14501048e-13]
 [  2.78003566e-12   8.06519572e-12   1.16585006e-11   4.21071708e-12   4.13368146e-12  -1.41586209e-12   8.83881026e-12
    8.63656591e-12   5.44595991e-12   3.39773061e-12   6.28331877e-12   7.61560033e-13   5.47037209e-12   3.97651330e-12
    3.01504089e-12   2.33834291e-12   2.17713060e-12   1.92541904e-12   1.62425346e-12   1.81524845e-12   1.57664654e-12
    1.10470112e-12   9.85888642e-13   8.53051301e-13   7.12167620e-13   6.04035826e-13   5.32172571e-13   4.50266586e-13
    4.12502434e-13   3.42618815e-13   3.10156830e-13   2.65289493e-13   2.35374790e-13   2.11845799e-13   1.82083625e-13
    1.65998475e-13   1.47017847e-13   1.34551630e-13   1.25680270e-13   1.16862631e-13   1.14298629e-13   1.14501048e-13
    1.21745460e-13]]

Correlation Matrix: 
[[  1.00000000e+00   6.13664246e-02   2.63798419e-02  -6.96467353e-03   1.92417605e-02  -8.84154571e-02   1.12303150e-02
    2.09804065e-02   1.81416912e-02   1.15652357e-02   2.38075864e-02  -2.27047769e-02  -3.33683734e-02  -8.90353054e-04
    3.09420241e-02   1.52945840e-02  -9.53483894e-03  -9.49606960e-03   2.90947481e-04   3.53515707e-02   1.07920821e-02
    4.25960837e-02   1.04830013e-02   5.00023055e-02   1.50271497e-02   1.81346504e-02   1.88328362e-02   2.14072812e-02
    2.38223822e-02   2.14539304e-02   2.46728305e-02   2.24628904e-02   2.40677540e-02   2.45062833e-02   2.41015236e-02
    2.50775083e-02   2.39003192e-02   2.47159602e-02   2.46363111e-02   2.46131163e-02   2.47866257e-02   2.46688187e-02
    2.47585919e-02]
 [  6.13664246e-02   1.00000000e+00   4.15708330e-02  -5.66455241e-02  -8.03549012e-03   5.05541101e-02   3.28975132e-02
    7.94124695e-02  -2.71128135e-02   4.25945094e-03   2.20032541e-02  -4.30929640e-02   1.02536308e-02   5.65814469e-02
    3.83329751e-02   1.64105843e-03   1.15657271e-02   4.47956712e-02  -4.42733769e-03   4.89349449e-03   4.10835212e-02
    6.07620174e-02   4.17220602e-02   6.71317766e-02   6.29442571e-02   6.06426669e-02   6.00627152e-02   6.19622006e-02
    6.37887876e-02   6.24762108e-02   6.41287368e-02   6.29697590e-02   6.37149121e-02   6.40834811e-02   6.37126465e-02
    6.41514223e-02   6.38157209e-02   6.40516654e-02   6.41450107e-02   6.38831964e-02   6.42128344e-02   6.38756785e-02
    6.40551904e-02]
 [  2.63798419e-02   4.15708330e-02   1.00000000e+00   9.11271432e-02   4.40271356e-03   3.91419329e-02   2.88126894e-02
   -2.06702916e-02   2.48845720e-04   4.60835167e-02   2.64484004e-02  -3.51305717e-02   3.05918071e-02   2.35732719e-02
   -3.15166094e-02   2.03299963e-04   6.81816167e-02  -8.17613570e-03  -3.10755836e-02  -7.14528857e-02   1.60190762e-02
    6.21053794e-02   4.22746688e-02   4.63242134e-02   8.53283223e-02   7.11162458e-02   7.50423078e-02   7.61581745e-02
    7.71558665e-02   7.47646643e-02   7.75575782e-02   7.56210779e-02   7.70240786e-02   7.69677855e-02   7.69190035e-02
    7.72443363e-02   7.69216993e-02   7.71123526e-02   7.71866378e-02   7.72402374e-02   7.72224967e-02   7.71967472e-02
    7.71970725e-02]
 [ -6.96467353e-03  -5.66455241e-02   9.11271432e-02   1.00000000e+00   5.00447232e-02   3.74383983e-02  -3.21121848e-03
    3.25580447e-02   2.43654397e-02   1.70016159e-02   5.41793730e-02   1.80913268e-02  -1.68000466e-02  -1.27299005e-02
   -4.14576298e-03   4.11637617e-02   6.72610848e-03   1.12506351e-02  -2.00887163e-02   5.37985947e-02   2.89543279e-02
    6.93236449e-03   3.84541873e-02   2.47746882e-02   4.25647326e-02   3.82633289e-02   4.11162708e-02   4.14255209e-02
    4.35383932e-02   4.10603233e-02   4.42024042e-02   4.18026668e-02   4.31303904e-02   4.37162275e-02   4.26466602e-02
    4.39845192e-02   4.25608801e-02   4.35006871e-02   4.33967063e-02   4.32801056e-02   4.35118907e-02   4.33072450e-02
    4.34302709e-02]
 [  1.92417605e-02  -8.03549012e-03   4.40271356e-03   5.00447232e-02   1.00000000e+00   2.06171354e-02  -1.94160535e-02
   -1.95082874e-02  -4.76583293e-03  -1.05209269e-02  -1.50354147e-02   4.52059310e-02  -7.76513908e-03   5.23799788e-02
   -2.58742339e-02  -1.26597251e-02  -3.32565178e-03   1.24665855e-02   3.77317412e-02   3.85754288e-02   2.60160407e-02
   -3.18253400e-02   5.05854602e-02   2.62869619e-02   3.38340685e-02   4.09234024e-02   3.39436921e-02   3.73794047e-02
    3.85975502e-02   3.68076257e-02   3.91750656e-02   3.62757730e-02   3.79122192e-02   3.80863108e-02   3.78039473e-02
    3.81474530e-02   3.78471589e-02   3.83017481e-02   3.77475164e-02   3.79889995e-02   3.80379882e-02   3.79995949e-02
    3.80651764e-02]
 [ -8.84154571e-02   5.05541101e-02   3.91419329e-02   3.74383983e-02   2.06171354e-02   1.00000000e+00  -1.62791517e-02
    9.74297227e-03  -2.87579133e-02  -2.35356229e-02  -1.33537878e-02  -2.50770963e-02   6.05520269e-03   3.50730929e-02
   -1.83579731e-02  -2.36852385e-02   7.93540455e-03   4.15237481e-02  -4.69581971e-04   2.38889203e-02  -1.51464508e-02
   -1.47474489e-03   1.52037057e-03   1.99980774e-03  -2.11869778e-02  -1.80497343e-02  -1.60140024e-02  -1.41459137e-02
   -1.47364010e-02  -1.27733210e-02  -1.32664720e-02  -1.25752869e-02  -1.27220456e-02  -1.26190594e-02  -1.21874664e-02
   -1.22813374e-02  -1.22326691e-02  -1.22023604e-02  -1.22550747e-02  -1.19517558e-02  -1.22452113e-02  -1.19231237e-02
   -1.20919052e-02]
 [  1.12303150e-02   3.28975132e-02   2.88126894e-02  -3.21121848e-03  -1.94160535e-02  -1.62791517e-02   1.00000000e+00
    8.05484202e-02   4.35641917e-02   3.65831864e-02   1.78684669e-03   4.64114305e-02   1.00067713e-02  -2.39631949e-02
    3.50901316e-02   1.61090705e-02   4.15016243e-02   2.51714100e-02  -4.72449236e-02   3.71003912e-02   1.58065959e-02
    1.56236423e-02   6.64490917e-02   6.71704812e-02   6.58373830e-02   6.93047741e-02   6.84539353e-02   7.14689060e-02
    7.45660437e-02   7.16236441e-02   7.50041512e-02   7.29133713e-02   7.44887186e-02   7.48958514e-02   7.44169753e-02
    7.54146039e-02   7.42462534e-02   7.48338312e-02   7.51746489e-02   7.50011285e-02   7.51677705e-02   7.49430855e-02
    7.50539049e-02]
 [  2.09804065e-02   7.94124695e-02  -2.06702916e-02   3.25580447e-02  -1.95082874e-02   9.74297227e-03   8.05484202e-02
    1.00000000e+00   9.88402338e-04  -5.03452340e-03   6.90499286e-02   3.77028648e-02   5.78828166e-02   4.71390799e-02
    5.41343186e-02  -2.63399592e-02   1.89989723e-02   6.11316242e-03  -4.31702172e-02   2.53220687e-02  -7.57655404e-03
    3.50794440e-02   4.81044881e-02   1.00138829e-01   9.88090702e-02   9.40594002e-02   9.86567592e-02   9.61128996e-02
    9.94325546e-02   9.83797481e-02   9.94871356e-02   9.93314301e-02   9.98255438e-02   1.00697517e-01   9.92826892e-02
    1.00587912e-01   9.97455905e-02   1.00334824e-01   1.00411221e-01   1.00102984e-01   1.00517796e-01   1.00152662e-01
    1.00354716e-01]
 [  1.81416912e-02  -2.71128135e-02   2.48845720e-04   2.43654397e-02  -4.76583293e-03  -2.87579133e-02   4.35641917e-02
    9.88402338e-04   1.00000000e+00   2.83196428e-02   3.85065754e-02   2.21891974e-03  -2.67694334e-02   6.78554961e-03
   -3.52332186e-02  -9.33084497e-03   1.63104625e-02   4.78807073e-02   5.47654087e-02   5.07178325e-02   5.73339374e-03
    1.65774204e-02   1.80585949e-02   7.28230065e-02   5.67105923e-02   6.42839866e-02   6.06637778e-02   6.29734495e-02
    6.53161593e-02   6.27437634e-02   6.54440678e-02   6.36252841e-02   6.46587050e-02   6.53149112e-02   6.41660744e-02
    6.52439656e-02   6.44603368e-02   6.50187733e-02   6.48532610e-02   6.48759028e-02   6.51188170e-02   6.47801892e-02
    6.49931342e-02]
 [  1.15652357e-02   4.25945094e-03   4.60835167e-02   1.70016159e-02  -1.05209269e-02  -2.35356229e-02   3.65831864e-02
   -5.03452340e-03   2.83196428e-02   1.00000000e+00   2.89827804e-02  -2.04195135e-02  -3.90843797e-02  -5.07966575e-03
   -3.46434597e-02  -3.13774588e-02   3.81157736e-02   3.57662911e-02   2.15926244e-02   8.33729712e-03   3.64997254e-02
   -2.93127804e-03   2.51105391e-02   5.13305666e-02   4.07070648e-02   4.01564227e-02   4.11164034e-02   4.13510340e-02
    4.22205390e-02   4.18271315e-02   4.29987118e-02   4.23021224e-02   4.28015313e-02   4.30542079e-02   4.26884915e-02
    4.32841383e-02   4.26784753e-02   4.32075369e-02   4.31216778e-02   4.28864661e-02   4.32775947e-02   4.29152432e-02
    4.31504607e-02]
 [  2.38075864e-02   2.20032541e-02   2.64484004e-02   5.41793730e-02  -1.50354147e-02  -1.33537878e-02   1.78684669e-03
    6.90499286e-02   3.85065754e-02   2.89827804e-02   1.00000000e+00  -2.39884837e-02   2.54698370e-02   5.76920294e-02
    1.53773490e-02  -1.67350390e-02  -3.63223095e-03  -4.00545047e-03  -7.11795303e-03   7.77691693e-03   5.78335655e-03
