
Covariance Matrix: 
[[  1.03560962e-07   7.12628285e-09   3.67439384e-09 ...,   2.61295647e-12
    2.60514392e-12   2.78003566e-12]
 [  7.12628285e-09   1.30217212e-07   6.49289534e-09 ...,   7.59054159e-12
    7.56406151e-12   8.06519572e-12]
 [  3.67439384e-09   6.49289534e-09   1.87340190e-07 ...,   1.09490400e-11
    1.09647771e-11   1.16585006e-11]
 ..., 
 [  2.61295647e-12   7.59054159e-12   1.09490400e-11 ...,   1.07308334e-13
    1.07496466e-13   1.14298629e-13]
 [  2.60514392e-12   7.56406151e-12   1.09647771e-11 ...,   1.07496466e-13
    1.07688830e-13   1.14501048e-13]
 [  2.78003566e-12   8.06519572e-12   1.16585006e-11 ...,   1.14298629e-13
    1.14501048e-13   1.21745460e-13]]

Correlation Matrix: 
[[ 1.          0.06136642  0.02637984 ...,  0.02478663  0.02466882
   0.02475859]
 [ 0.06136642  1.          0.04157083 ...,  0.06421283  0.06387568
   0.06405519]
 [ 0.02637984  0.04157083  1.         ...,  0.0772225   0.07719675
   0.07719707]
 ..., 
 [ 0.02478663  0.06421283  0.0772225  ...,  1.          0.99998188
   0.99999518]
 [ 0.02466882  0.06387568  0.07719675 ...,  0.99998188  1.          0.99999481]
 [ 0.02475859  0.06405519  0.07719707 ...,  0.99999518  0.99999481  1.        ]]
Signal-to-Noise ratio: 
[[ 61.03795643]]
