
Covariance Matrix: 
[[  1.26580200e-21   2.49679617e-22   1.11573213e-21   2.12830736e-22
    9.54062011e-22   1.00785197e-22   6.83778566e-22   5.80374298e-23
    5.19448169e-22   5.23568087e-22   5.09463000e-22   8.36676671e-23
    3.55865780e-22   3.71167696e-22   2.79387589e-22   3.97432149e-22
    3.07387043e-22   2.08414539e-22   1.95930959e-22   3.06563820e-22
    2.65805358e-22   1.40904178e-22   2.41053211e-22   2.18669930e-22
    2.06530273e-22   2.71566321e-22   1.90769443e-22   2.58126276e-22]
 [  2.49679617e-22   2.54554500e-22   2.36426596e-22   1.57450804e-22
    2.02489366e-22   1.09404149e-22   1.76015354e-22   5.15723706e-23
    1.41182001e-22   1.39149016e-22   1.14948009e-22   6.47948679e-23
    1.00541664e-22   1.03653050e-22   8.10289144e-23   8.80427167e-23
    1.01611949e-22   6.37439428e-23   5.81952537e-23   8.51281901e-23
    7.26740973e-23   4.58994286e-23   6.87344350e-23   6.27350969e-23
    5.96496552e-23   7.62465450e-23   5.61821076e-23   7.36037015e-23]
 [  1.11573213e-21   2.36426596e-22   1.05070871e-21   1.77854290e-22
    8.77578886e-22   8.79607477e-23   6.26871967e-22   5.09685270e-23
    4.73258038e-22   4.78749001e-22   4.71078022e-22   7.00997987e-23
    3.25195885e-22   3.38552855e-22   2.54861312e-22   3.64123671e-22
    2.80471671e-22   1.89901496e-22   1.78695462e-22   2.80189104e-22
    2.42994544e-22   1.28304375e-22   2.20204959e-22   1.99724951e-22
    1.88653144e-22   2.48120328e-22   1.74123657e-22   2.35774902e-22]
 [  2.12830736e-22   1.57450804e-22   1.77854290e-22   1.50268009e-22
    1.62856086e-22   8.69019968e-23   1.38895725e-22   4.20963185e-23
    1.11727246e-22   1.10425257e-22   8.56817620e-23   5.70321489e-23
    7.96907380e-23   8.23709834e-23   6.43978815e-23   7.07819684e-23
    7.97678741e-23   5.06311525e-23   4.62010459e-23   6.73893403e-23
    5.77374168e-23   3.64318527e-23   5.45882711e-23   4.98197493e-23
    4.72868897e-23   6.04965606e-23   4.46592762e-23   5.84248776e-23]
 [  9.54062011e-22   2.02489366e-22   8.77578886e-22   1.62856086e-22
    7.64726290e-22   7.79878846e-23   5.38659689e-22   4.46534168e-23
    4.06870670e-22   4.11056623e-22   4.01394854e-22   6.43810470e-23
    2.79429643e-22   2.91334706e-22   2.19528635e-22   3.08983506e-22
    2.44760846e-22   1.63589471e-22   1.53886700e-22   2.40964142e-22
    2.09129763e-22   1.10616949e-22   1.89546565e-22   1.71905599e-22
    1.62433594e-22   2.13582023e-22   1.49959070e-22   2.02993397e-22]
 [  1.00785197e-22   1.09404149e-22   8.79607477e-23   8.69019968e-23
    7.79878846e-23   6.30339276e-23   7.23430310e-23   2.95326581e-23
    5.99423744e-23   5.84676856e-23   4.42073132e-23   3.56428029e-23
    4.30708757e-23   4.43382053e-23   3.51535586e-23   3.85103294e-23
    4.20502972e-23   2.82962157e-23   2.54259234e-23   3.62139069e-23
    3.07125884e-23   2.07529440e-23   2.95926238e-23   2.70842264e-23
    2.57577481e-23   3.25977113e-23   2.44722151e-23   3.16640655e-23]
 [  6.83778566e-22   1.76015354e-22   6.26871967e-22   1.38895725e-22
    5.38659689e-22   7.23430310e-23   3.96461772e-22   3.85333441e-23
    2.98036721e-22   3.00256519e-22   2.87829725e-22   5.48155323e-23
    2.04835318e-22   2.13464726e-22   1.61185818e-22   2.23693786e-22
    1.81060914e-22   1.20611268e-22   1.13263716e-22   1.76400525e-22
    1.52907808e-22   8.20122192e-23   1.39054585e-22   1.26160663e-22
    1.19253521e-22   1.56476092e-22   1.10263962e-22   1.48897529e-22]
 [  5.80374298e-23   5.15723706e-23   5.09685270e-23   4.20963185e-23
    4.46534168e-23   2.95326581e-23   3.85333441e-23   1.67643762e-23
    3.21466897e-23   3.11080602e-23   2.52827694e-23   1.79022985e-23
    2.31756422e-23   2.36980354e-23   1.87909482e-23   2.06184460e-23
    2.23212773e-23   1.52510053e-23   1.36380175e-23   1.93821919e-23
    1.64303185e-23   1.11301590e-23   1.58118568e-23   1.45042380e-23
    1.37879091e-23   1.74369502e-23   1.31142160e-23   1.69413448e-23]
 [  5.19448169e-22   1.41182001e-22   4.73258038e-22   1.11727246e-22
    4.06870670e-22   5.99423744e-23   2.98036721e-22   3.21466897e-23
    2.28466217e-22   2.28537236e-22   2.17855635e-22   4.46173482e-23
    1.56242547e-22   1.62757929e-22   1.23140098e-22   1.69612464e-22
    1.38503765e-22   9.24455152e-23   8.66199977e-23   1.34488063e-22
    1.16455318e-22   6.30716561e-23   1.06097456e-22   9.63288090e-23
    9.10591907e-23   1.19339425e-22   8.42937931e-23   1.13630794e-22]
 [  5.23568087e-22   1.39149016e-22   4.78749001e-22   1.10425257e-22
    4.11056623e-22   5.84676856e-23   3.00256519e-22   3.11080602e-23
    2.28537236e-22   2.31805865e-22   2.20239195e-22   4.41019849e-23
    1.57357471e-22   1.63941920e-22   1.24056008e-22   1.71285975e-22
    1.39314039e-22   9.29420225e-23   8.72056443e-23   1.35596199e-22
    1.17447457e-22   6.33373274e-23   1.06908091e-22   9.70510091e-23
    9.17406295e-23   1.20276991e-22   8.48874578e-23   1.14492130e-22]
 [  5.09463000e-22   1.14948009e-22   4.71078022e-22   8.56817620e-23
    4.01394854e-22   4.42073132e-23   2.87829725e-22   2.52827694e-23
    2.17855635e-22   2.20239195e-22   2.16401321e-22   3.48359309e-23
    1.49872840e-22   1.55956165e-22   1.17638328e-22   1.66403626e-22
    1.30102981e-22   8.78582563e-23   8.26053903e-23   1.29109092e-22
    1.11913198e-22   5.95113066e-23   1.01563242e-22   9.21611760e-23
    8.70835203e-23   1.14411158e-22   8.04272807e-23   1.08775766e-22]
 [  8.36676671e-23   6.47948679e-23   7.00997987e-23   5.70321489e-23
    6.43810470e-23   3.56428029e-23   5.48155323e-23   1.79022985e-23
    4.46173482e-23   4.41019849e-23   3.48359309e-23   2.34882122e-23
    3.20658644e-23   3.29558057e-23   2.59162143e-23   2.81818102e-23
    3.19399829e-23   2.05519956e-23   1.86616708e-23   2.70559097e-23
    2.30990107e-23   1.48418487e-23   2.19246461e-23   2.00520348e-23
    1.90475251e-23   2.42918805e-23   1.80094693e-23   2.34916413e-23]
 [  3.55865780e-22   1.00541664e-22   3.25195885e-22   7.96907380e-23
    2.79429643e-22   4.30708757e-23   2.04835318e-22   2.31756422e-23
    1.56242547e-22   1.57357471e-22   1.49872840e-22   3.20658644e-23
    1.08314235e-22   1.12319802e-22   8.50714770e-23   1.16530145e-22
    9.57980881e-23   6.39946403e-23   5.99222909e-23   9.28224387e-23
    8.03300873e-23   4.37303039e-23   7.32840410e-23   6.65585518e-23
    6.29256049e-23   8.23853887e-23   5.82922084e-23   7.84920546e-23]
 [  3.71167696e-22   1.03653050e-22   3.38552855e-22   8.23709834e-23
    2.91334706e-22   4.43382053e-23   2.13464726e-22   2.36980354e-23
    1.62757929e-22   1.63941920e-22   1.55956165e-22   3.29558057e-23
    1.12319802e-22   1.17251503e-22   8.85678021e-23   1.21421032e-22
    9.96613384e-23   6.65160250e-23   6.23206337e-23   9.66300563e-23
    8.36305835e-23   4.54401610e-23   7.62702799e-23   6.92603029e-23
    6.54708988e-23   8.57513143e-23   6.06401507e-23   8.16847278e-23]
 [  2.79387589e-22   8.10289144e-23   2.54861312e-22   6.43978815e-23
    2.19528635e-22   3.51535586e-23   1.61185818e-22   1.87909482e-23
    1.23140098e-22   1.24056008e-22   1.17638328e-22   2.59162143e-23
    8.50714770e-23   8.85678021e-23   6.72978565e-23   9.15317431e-23
    7.57715724e-23   5.05268097e-23   4.72922135e-23   7.31666761e-23
    6.33193973e-23   3.45807665e-23   5.78117057e-23   5.25011397e-23
    4.96410445e-23   6.49658442e-23   4.60088455e-23   6.19127279e-23]
 [  3.97432149e-22   8.80427167e-23   3.64123671e-22   7.07819684e-23
    3.08983506e-22   3.85103294e-23   2.23693786e-22   2.06184460e-23
    1.69612464e-22   1.71285975e-22   1.66403626e-22   2.81818102e-23
    1.16530145e-22   1.21421032e-22   9.15317431e-23   1.34269381e-22
    9.75275428e-23   6.83465140e-23   6.42181099e-23   1.00383604e-22
    8.70039686e-23   4.63876681e-23   7.90332904e-23   7.17186908e-23
    6.77453325e-23   8.89875890e-23   6.25890268e-23   8.46294219e-23]
 [  3.07387043e-22   1.01611949e-22   2.80471671e-22   7.97678741e-23
    2.44760846e-22   4.20502972e-23   1.81060914e-22   2.23212773e-23
    1.38503765e-22   1.39314039e-22   1.30102981e-22   3.19399829e-23
    9.57980881e-23   9.96613384e-23   7.57715724e-23   9.75275428e-23
    8.99052024e-23   5.71735231e-23   5.34512769e-23   8.24140858e-23
    7.13236105e-23   3.92415824e-23   6.52003914e-23   5.92195085e-23
    5.60351020e-23   7.32446934e-23   5.19853130e-23   6.98426038e-23]
 [  2.08414539e-22   6.37439428e-23   1.89901496e-22   5.06311525e-23
    1.63589471e-22   2.82962157e-23   1.20611268e-22   1.52510053e-23
    9.24455152e-23   9.29420225e-23   8.78582563e-23   2.05519956e-23
    6.39946403e-23   6.65160250e-23   5.05268097e-23   6.83465140e-23
    5.71735231e-23   3.82165538e-23   3.56444144e-23   5.49534292e-23
    4.75223338e-23   2.61892643e-23   4.34748755e-23   3.95005550e-23
    3.73616020e-23   4.88268292e-23   3.46599396e-23   4.65670111e-23]
 [  1.95930959e-22   5.81952537e-23   1.78695462e-22   4.62010459e-23
    1.53886700e-22   2.54259234e-23   1.13263716e-22   1.36380175e-23
    8.66199977e-23   8.72056443e-23   8.26053903e-23   1.86616708e-23
    5.99222909e-23   6.23206337e-23   4.72922135e-23   6.42181099e-23
    5.34512769e-23   3.56444144e-23   3.33605773e-23   5.14928648e-23
    4.45443421e-23   2.44201795e-23   4.07028270e-23   3.69747482e-23
    3.49674554e-23   4.57317388e-23   3.24207826e-23   4.35970726e-23]
 [  3.06563820e-22   8.51281901e-23   2.80189104e-22   6.73893403e-23
    2.40964142e-22   3.62139069e-23   1.76400525e-22   1.93821919e-23
    1.34488063e-22   1.35596199e-22   1.29109092e-22   2.70559097e-23
    9.28224387e-23   9.66300563e-23   7.31666761e-23   1.00383604e-22
    8.24140858e-23   5.49534292e-23   5.14928648e-23   7.99098543e-23
    6.91389330e-23   3.75319332e-23   6.30384916e-23   5.72442836e-23
    5.41182574e-23   7.08906208e-23   5.01165682e-23   6.75215277e-23]
 [  2.65805358e-22   7.26740973e-23   2.42994544e-22   5.77374168e-23
    2.09129763e-22   3.07125884e-23   1.52907808e-22   1.64303185e-23
    1.16455318e-22   1.17447457e-22   1.11913198e-22   2.30990107e-23
    8.03300873e-23   8.36305835e-23   6.33193973e-23   8.70039686e-23
    7.13236105e-23   4.75223338e-23   4.45443421e-23   6.91389330e-23
    5.99039327e-23   3.24265085e-23   5.45644211e-23   4.95375229e-23
    4.68375463e-23   6.13687154e-23   4.33621735e-23   5.84428803e-23]
 [  1.40904178e-22   4.58994286e-23   1.28304375e-22   3.64318527e-23
    1.10616949e-22   2.07529440e-23   8.20122192e-23   1.11301590e-23
    6.30716561e-23   6.33373274e-23   5.95113066e-23   1.48418487e-23
    4.37303039e-23   4.54401610e-23   3.45807665e-23   4.63876681e-23
    3.92415824e-23   2.61892643e-23   2.44201795e-23   3.75319332e-23
    3.24265085e-23   1.80430305e-23   2.97246534e-23   2.70214251e-23
    2.55622631e-23   3.33631387e-23   2.37413029e-23   3.18423427e-23]
 [  2.41053211e-22   6.87344350e-23   2.20204959e-22   5.45882711e-23
    1.89546565e-22   2.95926238e-23   1.39054585e-22   1.58118568e-23
    1.06097456e-22   1.06908091e-22   1.01563242e-22   2.19246461e-23
    7.32840410e-23   7.62702799e-23   5.78117057e-23   7.90332904e-23
    6.52003914e-23   4.34748755e-23   4.07028270e-23   6.30384916e-23
    5.45644211e-23   2.97246534e-23   4.98018177e-23   4.52127036e-23
    4.27528065e-23   5.59687444e-23   3.96091082e-23   5.33285636e-23]
 [  2.18669930e-22   6.27350969e-23   1.99724951e-22   4.98197493e-23
    1.71905599e-22   2.70842264e-23   1.26160663e-22   1.45042380e-23
    9.63288090e-23   9.70510091e-23   9.21611760e-23   2.00520348e-23
    6.65585518e-23   6.92603029e-23   5.25011397e-23   7.17186908e-23
    5.92195085e-23   3.95005550e-23   3.69747482e-23   5.72442836e-23
    4.95375229e-23   2.70214251e-23   4.52127036e-23   4.10729034e-23
    3.88276429e-23   5.08225991e-23   3.59798907e-23   4.84290339e-23]
 [  2.06530273e-22   5.96496552e-23   1.88653144e-22   4.72868897e-23
    1.62433594e-22   2.57577481e-23   1.19253521e-22   1.37879091e-23
    9.10591907e-23   9.17406295e-23   8.70835203e-23   1.90475251e-23
    6.29256049e-23   6.54708988e-23   4.96410445e-23   6.77453325e-23
    5.60351020e-23   3.73616020e-23   3.49674554e-23   5.41182574e-23
    4.68375463e-23   2.55622631e-23   4.27528065e-23   3.88276429e-23
    3.67247954e-23   4.80543675e-23   3.40249561e-23   4.57940433e-23]
 [  2.71566321e-22   7.62465450e-23   2.48120328e-22   6.04965606e-23
    2.13582023e-22   3.25977113e-23   1.56476092e-22   1.74369502e-23
    1.19339425e-22   1.20276991e-22   1.14411158e-22   2.42918805e-23
    8.23853887e-23   8.57513143e-23   6.49658442e-23   8.89875890e-23
    7.32446934e-23   4.88268292e-23   4.57317388e-23   7.08906208e-23
    6.13687154e-23   3.33631387e-23   5.59687444e-23   5.08225991e-23
    4.80543675e-23   6.29366347e-23   4.45086068e-23   5.99488778e-23]
 [  1.90769443e-22   5.61821076e-23   1.74123657e-22   4.46592762e-23
    1.49959070e-22   2.44722151e-23   1.10263962e-22   1.31142160e-23
    8.42937931e-23   8.48874578e-23   8.04272807e-23   1.80094693e-23
    5.82922084e-23   6.06401507e-23   4.60088455e-23   6.25890268e-23
    5.19853130e-23   3.46599396e-23   3.24207826e-23   5.01165682e-23
    4.33621735e-23   2.37413029e-23   3.96091082e-23   3.59798907e-23
    3.40249561e-23   4.45086068e-23   3.15472347e-23   4.24264423e-23]
 [  2.58126276e-22   7.36037015e-23   2.35774902e-22   5.84248776e-23
    2.02993397e-22   3.16640655e-23   1.48897529e-22   1.69413448e-23
    1.13630794e-22   1.14492130e-22   1.08775766e-22   2.34916413e-23
    7.84920546e-23   8.16847278e-23   6.19127279e-23   8.46294219e-23
    6.98426038e-23   4.65670111e-23   4.35970726e-23   6.75215277e-23
    5.84428803e-23   3.18423427e-23   5.33285636e-23   4.84290339e-23
    4.57940433e-23   5.99488778e-23   4.24264423e-23   5.71242756e-23]]

Correlation Matrix: 
[[ 1.          0.43985528  0.96746639  0.48799817  0.96970739  0.3568015
   0.9652325   0.39841124  0.96593596  0.96655833  0.97341897  0.4852324
   0.96108228  0.96344754  0.9572461   0.96403236  0.91119275  0.94758759
   0.95346202  0.96391301  0.9652797   0.9323656   0.96008003  0.95902179
   0.95790213  0.96214663  0.95465241  0.95992869]
 [ 0.43985528  1.          0.45715637  0.80504698  0.45894307  0.86368668
   0.55406345  0.78946523  0.58543401  0.57283236  0.48975752  0.83796376
   0.60549827  0.59997408  0.61908319  0.47622759  0.67167933  0.64628306
   0.63151024  0.59687425  0.58852049  0.67727048  0.61046586  0.61353943
   0.61693279  0.60239037  0.62694146  0.61037806]
 [ 0.96746639  0.45715637  1.          0.44759983  0.97902096  0.34179095
   0.9712634   0.38403183  0.96593041  0.97007319  0.98791987  0.44622163
   0.96396465  0.96455302  0.95843382  0.96943624  0.91254738  0.94767944
   0.95445526  0.96696311  0.96856258  0.93184903  0.96263873  0.96142067
   0.96038018  0.96487137  0.95639207  0.96237881]
 [ 0.48799817  0.80504698  0.44759983  1.          0.48041628  0.89291333
   0.56905593  0.83872029  0.60299656  0.591661    0.47514391  0.95997846
   0.62464291  0.62055714  0.64037991  0.49831146  0.68628158  0.66812664
   0.65253192  0.61497544  0.60855021  0.69966999  0.63102051  0.63414792
   0.63654306  0.62207917  0.6486311   0.63060033]
 [ 0.96970739  0.45894307  0.97902096  0.48041628  1.          0.35521144
   0.97827467  0.39437374  0.97340232  0.97630706  0.98670843  0.48037461
   0.97090491  0.97292643  0.96769289  0.9642592   0.93346174  0.95692208
   0.9634547   0.97476346  0.97709135  0.94170293  0.97127075  0.96997225
   0.96926638  0.97355374  0.96547066  0.97122208]
 [ 0.3568015   0.86368668  0.34179095  0.89291333  0.35521144  1.
   0.45762407  0.90849314  0.49950031  0.48368933  0.37850967  0.92631711
   0.52125922  0.51574107  0.53973613  0.41860225  0.55858526  0.57652137
   0.55446326  0.51025589  0.49980612  0.61537208  0.52816995  0.53229397
   0.53535395  0.51754506  0.54878906  0.52767818]
 [ 0.9652325   0.55406345  0.9712634   0.56905593  0.97827467  0.45762407
   1.          0.47265292  0.99028026  0.9904432   0.98266396  0.56803879
   0.98846527  0.9900708   0.98679185  0.96953785  0.95902878  0.97985421
   0.98485744  0.99105794  0.99220483  0.96966822  0.9896054   0.9886569
   0.9883047   0.99059373  0.98594408  0.98941041]
 [ 0.39841124  0.78946523  0.38403183  0.83872029  0.39437374  0.90849314
   0.47265292  1.          0.51943542  0.49901893  0.41975994  0.9021736
   0.54387026  0.53451443  0.55944112  0.434584    0.57495378  0.60253047
   0.5766878   0.5295525   0.51847117  0.63996014  0.54722582  0.55274334
   0.55568033  0.53681553  0.57025353  0.54744921]
 [ 0.96593596  0.58543401  0.96593041  0.60299656  0.97340232  0.49950031
   0.99028026  0.51943542  1.          0.99307893  0.97977837  0.6090708
   0.9932202   0.99442481  0.99308835  0.96840779  0.96640279  0.98934803
   0.99217983  0.99534256  0.99545278  0.98235509  0.9946525   0.9944146
   0.99410692  0.9952248   0.99289644  0.9946601 ]
 [ 0.96655833  0.57283236  0.97007319  0.591661    0.97630706  0.48368933
   0.9904432   0.49901893  0.99307893  1.          0.98333715  0.59768306
   0.99307577  0.99441713  0.99324177  0.9708924   0.96502877  0.98747054
   0.99166642  0.99628854  0.9966754   0.97936095  0.99500615  0.99462677
   0.99430543  0.99579189  0.99266034  0.99495416]
 [ 0.97341897  0.48975752  0.98791987  0.47514391  0.98670843  0.37850967
   0.98266396  0.41975994  0.97977837  0.98333715  1.          0.4886214
   0.97892679  0.97906919  0.97480618  0.97621244  0.93274919  0.96611064
   0.97221352  0.98180831  0.98293248  0.95238992  0.97832693  0.97755309
   0.97684651  0.98036245  0.97340323  0.97834459]
 [ 0.4852324   0.83796376  0.44622163  0.95997846  0.48037461  0.92631711
   0.56803879  0.9021736   0.6090708   0.59768306  0.4886214   1.
   0.63573365  0.62798279  0.65184744  0.5018286   0.69505198  0.68596705
   0.6666667   0.62450654  0.61580148  0.7209552   0.64103983  0.64558847
   0.64853569  0.63180695  0.66159968  0.64132479]
 [ 0.96108228  0.60549827  0.96396465  0.62464291  0.97090491  0.52125922
   0.98846527  0.54387026  0.9932202   0.99307577  0.97892679  0.63573365
   1.          0.9966768   0.99641576  0.96628897  0.97078188  0.99466096
   0.99684781  0.99772312  0.99725863  0.989202    0.99780125  0.99789166
   0.99771141  0.99782796  0.99721107  0.99786681]
 [ 0.96344754  0.59997408  0.96455302  0.62055714  0.97292643  0.51574107
   0.9900708   0.53451443  0.99442481  0.99441713  0.97906919  0.62798279
   0.9966768   1.          0.99704794  0.9677122   0.97067779  0.99366803
   0.99645083  0.99828111  0.99787984  0.9879294   0.9980988   0.99803891
   0.99772166  0.99822816  0.99705798  0.99809367]
 [ 0.9572461   0.61908319  0.95843382  0.64037991  0.96769289  0.53973613
   0.98679185  0.55944112  0.99308835  0.99324177  0.97480618  0.65184744
   0.99641576  0.99704794  1.          0.96290319  0.97412182  0.99631232
   0.99809584  0.99772887  0.99726021  0.99238287  0.99860232  0.99859736
   0.99852882  0.99823481  0.9985276   0.99854806]
 [ 0.96403236  0.47622759  0.96943624  0.49831146  0.9642592   0.41860225
   0.96953785  0.434584    0.96840779  0.9708924   0.97621244  0.5018286
   0.96628897  0.9677122   0.96290319  1.          0.88765944  0.95411805
   0.95951606  0.96911233  0.97011429  0.94245214  0.96649358  0.9657532
   0.96474202  0.96803083  0.96167662  0.96632347]
 [ 0.91119275  0.67167933  0.91254738  0.68628158  0.93346174  0.55858526
   0.95902878  0.57495378  0.96640279  0.96502877  0.93274919  0.69505198
   0.97078188  0.97067779  0.97412182  0.88765944  1.          0.9753866
   0.97599793  0.97231921  0.97188133  0.97431493  0.97439533  0.97452882
   0.97518736  0.9737153   0.97612987  0.97458036]
 [ 0.94758759  0.64628306  0.94767944  0.66812664  0.95692208  0.57652137
   0.97985421  0.60253047  0.98934803  0.98747054  0.96611064  0.68596705
   0.99466096  0.99366803  0.99631232  0.95411805  0.9753866   1.
   0.99827213  0.99441775  0.99321743  0.99733899  0.99652911  0.99701051
   0.99728672  0.99559109  0.9982088   0.99664903]
 [ 0.95346202  0.63151024  0.95445526  0.65253192  0.9634547   0.55446326
   0.98485744  0.5766878   0.99217983  0.99166642  0.97221352  0.6666667
   0.99684781  0.99645083  0.99809584  0.95951606  0.97599793  0.99827213
   1.          0.99730985  0.996433    0.99535346  0.99858537  0.99887408
   0.99900476  0.99804283  0.99936945  0.99868884]
 [ 0.96391301  0.59687425  0.96696311  0.61497544  0.97476346  0.51025589
   0.99105794  0.5295525   0.99534256  0.99628854  0.98180831  0.62450654
   0.99772312  0.99828111  0.99772887  0.96911233  0.97231921  0.99441775
   0.99730985  1.          0.99929758  0.98843024  0.99927045  0.99920421
   0.99899644  0.99962441  0.99816079  0.99938249]
 [ 0.9652797   0.58852049  0.96856258  0.60855021  0.97709135  0.49980612
   0.99220483  0.51847117  0.99545278  0.9966754   0.98293248  0.61580148
   0.99725863  0.99787984  0.99726021  0.97011429  0.97188133  0.99321743
   0.996433    0.99929758  1.          0.98631986  0.99898574  0.9986859
   0.99858899  0.99946504  0.99747663  0.99906465]
 [ 0.9323656   0.67727048  0.93184903  0.69966999  0.94170293  0.61537208
   0.96966822  0.63996014  0.98235509  0.97936095  0.95238992  0.7209552
   0.989202    0.9879294   0.99238287  0.94245214  0.97431493  0.99733899
   0.99535346  0.98843024  0.98631986  1.          0.99160672  0.99260351
   0.99303571  0.99005746  0.99510558  0.99183611]
 [ 0.96008003  0.61046586  0.96263873  0.63102051  0.97127075  0.52816995
   0.9896054   0.54722582  0.9946525   0.99500615  0.97832693  0.64103983
   0.99780125  0.9980988   0.99860232  0.96649358  0.97439533  0.99652911
   0.99858537  0.99927045  0.99898574  0.99160672  1.          0.9996781
   0.99968308  0.99970349  0.99929064  0.99983178]
 [ 0.95902179  0.61353943  0.96142067  0.63414792  0.96997225  0.53229397
   0.9886569   0.55274334  0.9944146   0.99462677  0.97755309  0.64558847
   0.99789166  0.99803891  0.99859736  0.9657532   0.97452882  0.99701051
   0.99887408  0.99920421  0.9986859   0.99260351  0.9996781   1.
   0.99973209  0.99960268  0.99954302  0.99981063]
 [ 0.95790213  0.61693279  0.96038018  0.63654306  0.96926638  0.53535395
   0.9883047   0.55568033  0.99410692  0.99430543  0.97684651  0.64853569
   0.99771141  0.99772166  0.99852882  0.96474202  0.97518736  0.99728672
   0.99900476  0.99899644  0.99858899  0.99303571  0.99968308  0.99973209
   1.          0.99954285  0.99962528  0.99981338]
 [ 0.96214663  0.60239037  0.96487137  0.62207917  0.97355374  0.51754506
   0.99059373  0.53681553  0.9952248   0.99579189  0.98036245  0.63180695
   0.99782796  0.99822816  0.99823481  0.96803083  0.9737153   0.99559109
   0.99804283  0.99962441  0.99946504  0.99005746  0.99970349  0.99960268
   0.99954285  1.          0.99887603  0.99981339]
 [ 0.95465241  0.62694146  0.95639207  0.6486311   0.96547066  0.54878906
   0.98594408  0.57025353  0.99289644  0.99266034  0.97340323  0.66159968
   0.99721107  0.99705798  0.9985276   0.96167662  0.97612987  0.9982088
   0.99936945  0.99816079  0.99747663  0.99510558  0.99929064  0.99954302
   0.99962528  0.99887603  1.          0.99941443]
 [ 0.95992869  0.61037806  0.96237881  0.63060033  0.97122208  0.52767818
   0.98941041  0.54744921  0.9946601   0.99495416  0.97834459  0.64132479
   0.99786681  0.99809367  0.99854806  0.96632347  0.97458036  0.99664903
   0.99868884  0.99938249  0.99906465  0.99183611  0.99983178  0.99981063
   0.99981338  0.99981339  0.99941443  1.        ]]

Signal-to-Noise ratio: 
[[ 2.02993484]]
