
Covariance Matrix: 
[[  4.47039549e-04   2.88584864e-05   2.61568693e-05   4.41210869e-05
    7.88784269e-05   7.31147548e-05   1.90921082e-05   1.11539482e-05
    8.12466133e-05   7.56639099e-05   7.97619756e-05   4.09668141e-05
    9.48447170e-05   5.54798918e-05   1.40994764e-04   1.13705136e-04
    1.21912345e-04   1.17624750e-04   9.77152379e-05   1.55093215e-04
    1.40893691e-04   1.14320434e-04   1.29794014e-04   1.36284545e-04
   -7.74793024e-06   2.13716032e-05  -1.41327854e-04   4.67444850e-04]
 [  2.88584864e-05   9.41965565e-04   1.40521349e-05   6.01522629e-06
    6.32174085e-05   4.13012031e-05   5.40426214e-06   7.46177016e-05
    4.99288726e-05   7.17913409e-05   1.18387172e-04   7.20543382e-05
    7.74577672e-05   7.31542870e-05   1.60220921e-04   1.78212227e-04
    9.75330250e-05   4.41692664e-05   1.53970343e-05   1.57929932e-04
    3.55637326e-06  -1.10733287e-04   1.47727561e-04   4.00162946e-04
    2.25097220e-05   1.09815873e-04   4.43128263e-04   4.66899484e-04]
 [  2.61568693e-05   1.40521349e-05   7.12431764e-04   4.77941644e-05
    8.01006790e-05   8.37473017e-05   3.95278720e-05   5.44188184e-05
    1.32866056e-05   1.29119396e-05   9.34664007e-05   1.22979944e-04
    8.37519799e-05   2.88406804e-05   9.95435565e-05   1.25422892e-04
    1.08143558e-04   9.24514229e-05   1.57397678e-04   1.89045207e-04
    1.11572167e-04   1.47346619e-04   1.38247957e-04   9.24829300e-05
    2.23415204e-04   2.81194851e-04   1.31457714e-04   6.62797907e-04]
 [  4.41210869e-05   6.01522629e-06   4.77941644e-05   1.18936293e-03
    1.06019112e-04   1.08804072e-04   7.93544732e-05   5.86825250e-05
    1.51458477e-04   2.27386311e-05   8.63302907e-05   1.30144590e-05
    1.79151431e-04   1.07947709e-04   2.65380294e-04   2.29032310e-04
    3.09014995e-04   1.85545037e-04   2.19868903e-04   1.76793897e-04
    2.45882423e-04   3.49967562e-04   3.93772260e-04   3.09973333e-04
    4.10984485e-04   9.65154662e-04   1.20116635e-03   1.12359221e-03]
 [  7.88784269e-05   6.32174085e-05   8.01006790e-05   1.06019112e-04
    9.91453274e-04   1.07243002e-04   5.94193291e-06   1.30030451e-04
    1.47833597e-04   1.29498547e-04   1.42887295e-04   1.51367067e-04
    1.93489863e-04   2.18326978e-04   2.09471603e-04   2.17510975e-04
    2.15465463e-04   1.98503857e-04   2.12325613e-04   1.82536701e-04
    2.41028216e-04   1.63965881e-04   3.67875380e-04   2.75739157e-04
    3.35058047e-04   4.72457021e-04   7.29103075e-04   1.21615351e-03]
 [  7.31147548e-05   4.13012031e-05   8.37473017e-05   1.08804072e-04
    1.07243002e-04   1.28043117e-03   2.18356495e-05   3.89596099e-05
    8.59803526e-05   3.44233507e-05   1.56285350e-04   9.53941943e-05
    1.46255174e-04   1.92626550e-04   2.27631240e-04   1.37809552e-04
    2.30007921e-04   1.66144066e-04   2.70392230e-04   2.88286785e-04
    1.19297516e-04   2.99609273e-04   1.66683912e-04   3.29253371e-04
    2.60217747e-04   6.14034096e-04   1.03121024e-03   1.30257909e-03]
 [  1.90921082e-05   5.40426214e-06   3.95278720e-05   7.93544732e-05
    5.94193291e-06   2.18356495e-05   1.05338782e-03   2.13149427e-04
    1.06591167e-04   1.00218798e-04   6.22204891e-05   1.09035165e-04
    2.27153206e-04   1.72237191e-04   1.16831940e-04   1.23743280e-04
    2.37238742e-04   3.03828277e-04   1.72541582e-04   1.00275582e-04
    1.12263911e-04  -1.05023623e-05   3.24986036e-05   4.49086942e-05
    6.35559323e-05   1.96451570e-04   1.88793410e-04   6.43727377e-04]
 [  1.11539482e-05   7.46177016e-05   5.44188184e-05   5.86825250e-05
    1.30030451e-04   3.89596099e-05   2.13149427e-04   2.42919995e-03
    2.25320930e-04   1.62609857e-04   1.55539561e-04   3.58652603e-04
    4.32848207e-04   2.30278528e-04   3.09758095e-04   1.77129129e-04
    2.05569663e-04   4.61356534e-04   3.01078538e-04   2.81691936e-04
    1.05924866e-04   3.72386380e-04   3.24424260e-04   4.79427834e-04
    2.36979284e-04   7.97928614e-04   3.71565358e-05   1.22252117e-03]
 [  8.12466133e-05   4.99288726e-05   1.32866056e-05   1.51458477e-04
    1.47833597e-04   8.59803526e-05   1.06591167e-04   2.25320930e-04
    1.32964693e-03   2.13553590e-04   1.56855090e-04   2.76273913e-04
    2.40450101e-04   1.18922260e-04   2.03196107e-04   2.63590759e-04
    3.87560047e-04   2.72508594e-04   3.93204059e-04   3.19981754e-04
    2.11762704e-04   2.13908672e-04   2.85973623e-04   2.95438422e-04
    8.41004829e-05   7.67486260e-04   9.06833535e-04   1.05155964e-03]
 [  7.56639099e-05   7.17913409e-05   1.29119396e-05   2.27386311e-05
    1.29498547e-04   3.44233507e-05   1.00218798e-04   1.62609857e-04
    2.13553590e-04   1.79161487e-03   2.78129613e-04   1.46118949e-04
    2.75520470e-04   2.12357495e-04   3.78378518e-04   3.30861519e-04
    2.98089102e-04   3.26076462e-04   2.92886529e-04   1.34355277e-04
    3.30826359e-04   2.58578737e-04   2.98198999e-04   3.75093380e-04
    2.61122753e-04   1.04063595e-03   3.88581286e-04   1.39635294e-03]
 [  7.97619756e-05   1.18387172e-04   9.34664007e-05   8.63302907e-05
    1.42887295e-04   1.56285350e-04   6.22204891e-05   1.55539561e-04
    1.56855090e-04   2.78129613e-04   2.19273471e-03   3.77286586e-04
    2.59772614e-04   1.83707655e-04   1.96901481e-04   2.27216945e-04
    4.39865322e-04   3.95007829e-04   2.58969237e-04   3.54790025e-04
    3.90959628e-04   1.45105609e-04   2.81781438e-04   4.56061759e-05
    3.63258354e-04   4.43361672e-04   1.21719215e-03   1.07543321e-03]
 [  4.09668141e-05   7.20543382e-05   1.22979944e-04   1.30144590e-05
    1.51367067e-04   9.53941943e-05   1.09035165e-04   3.58652603e-04
    2.76273913e-04   1.46118949e-04   3.77286586e-04   2.65429345e-03
    4.13604134e-04   3.35101919e-04   4.01163329e-04   3.45941800e-04
    3.24945299e-04   4.01998369e-04   2.74352827e-04   3.75088387e-04
    4.49162188e-04   4.34205399e-04   2.32905459e-04   4.56764790e-04
    3.28817699e-04   2.78992911e-04   6.33999672e-04   1.21885841e-03]
 [  9.48447170e-05   7.74577672e-05   8.37519799e-05   1.79151431e-04
    1.93489863e-04   1.46255174e-04   2.27153206e-04   4.32848207e-04
    2.40450101e-04   2.75520470e-04   2.59772614e-04   4.13604134e-04
    2.36028589e-03   2.79739441e-04   5.07011340e-04   2.75963862e-04
    4.45322816e-04   5.37577964e-04   4.20166197e-04   4.10161992e-04
    4.73851944e-04   5.24570848e-04   5.02906547e-04   7.93275437e-04
    8.72044264e-04   1.77524116e-03   2.20800695e-03   2.44896399e-03]
 [  5.54798918e-05   7.31542870e-05   2.88406804e-05   1.07947709e-04
    2.18326978e-04   1.92626550e-04   1.72237191e-04   2.30278528e-04
    1.18922260e-04   2.12357495e-04   1.83707655e-04   3.35101919e-04
    2.79739441e-04   2.79603581e-03   4.50573475e-04   2.82016416e-04
    5.23916665e-04   4.83386600e-04   3.90406422e-04   5.28099160e-04
    6.09940558e-04   6.10774039e-04   7.90647122e-04   7.09720699e-04
    1.31893240e-03   1.68232903e-03   2.94223944e-03   2.72449337e-03]
 [  1.40994764e-04   1.60220921e-04   9.95435565e-05   2.65380294e-04
    2.09471603e-04   2.27631240e-04   1.16831940e-04   3.09758095e-04
    2.03196107e-04   3.78378518e-04   1.96901481e-04   4.01163329e-04
    5.07011340e-04   4.50573475e-04   3.17355124e-03   5.06056777e-04
    8.09502464e-04   6.26375405e-04   5.40611302e-04   6.48676132e-04
    9.75936239e-04   1.13702883e-03   1.15643062e-03   1.30712876e-03
    1.71741703e-03   2.21157806e-03   3.32207966e-03   5.32858434e-03]
 [  1.13705136e-04   1.78212227e-04   1.25422892e-04   2.29032310e-04
    2.17510975e-04   1.37809552e-04   1.23743280e-04   1.77129129e-04
    2.63590759e-04   3.30861519e-04   2.27216945e-04   3.45941800e-04
    2.75963862e-04   2.82016416e-04   5.06056777e-04   3.54101453e-03
    6.16050843e-04   6.87291672e-04   7.26265081e-04   8.14050340e-04
    8.76919156e-04   8.62447832e-04   1.01857085e-03   1.11234548e-03
    1.38376055e-03   2.54273941e-03   3.56034701e-03   4.20454786e-03]
 [  1.21912345e-04   9.75330250e-05   1.08143558e-04   3.09014995e-04
    2.15465463e-04   2.30007921e-04   2.37238742e-04   2.05569663e-04
    3.87560047e-04   2.98089102e-04   4.39865322e-04   3.24945299e-04
    4.45322816e-04   5.23916665e-04   8.09502464e-04   6.16050843e-04
    3.62915546e-03   7.84303642e-04   8.97525696e-04   8.98813817e-04
    1.06525663e-03   1.11908469e-03   1.24799147e-03   1.58543193e-03
    1.65997909e-03   2.45419197e-03   2.89792259e-03   5.43675104e-03]
 [  1.17624750e-04   4.41692664e-05   9.24514229e-05   1.85545037e-04
    1.98503857e-04   1.66144066e-04   3.03828277e-04   4.61356534e-04
    2.72508594e-04   3.26076462e-04   3.95007829e-04   4.01998369e-04
    5.37577964e-04   4.83386600e-04   6.26375405e-04   6.87291672e-04
    7.84303642e-04   4.61739624e-03   7.75523592e-04   9.86230270e-04
    1.40639052e-03   1.51102887e-03   1.93570851e-03   2.19060646e-03
    2.31375666e-03   4.58896695e-03   4.93525073e-03   8.50935853e-03]
 [  9.77152379e-05   1.53970343e-05   1.57397678e-04   2.19868903e-04
    2.12325613e-04   2.70392230e-04   1.72541582e-04   3.01078538e-04
    3.93204059e-04   2.92886529e-04   2.58969237e-04   2.74352827e-04
    4.20166197e-04   3.90406422e-04   5.40611302e-04   7.26265081e-04
    8.97525696e-04   7.75523592e-04   5.22862437e-03   9.34312822e-04
    1.53760250e-03   1.74264201e-03   1.89664795e-03   2.15500272e-03
    3.22145949e-03   3.78748737e-03   6.41392868e-03   8.99387221e-03]
 [  1.55093215e-04   1.57929932e-04   1.89045207e-04   1.76793897e-04
    1.82536701e-04   2.88286785e-04   1.00275582e-04   2.81691936e-04
    3.19981754e-04   1.34355277e-04   3.54790025e-04   3.75088387e-04
    4.10161992e-04   5.28099160e-04   6.48676132e-04   8.14050340e-04
    8.98813817e-04   9.86230270e-04   9.34312822e-04   5.38358118e-03
    1.80067721e-03   2.01741463e-03   2.16330314e-03   2.58927954e-03
    3.01817683e-03   4.75731231e-03   5.77976798e-03   8.81496497e-03]
 [  1.40893691e-04   3.55637326e-06   1.11572167e-04   2.45882423e-04
    2.41028216e-04   1.19297516e-04   1.12263911e-04   1.05924866e-04
    2.11762704e-04   3.30826359e-04   3.90959628e-04   4.49162188e-04
    4.73851944e-04   6.09940558e-04   9.75936239e-04   8.76919156e-04
    1.06525663e-03   1.40639052e-03   1.53760250e-03   1.80067721e-03
    7.00381045e-03   2.89245466e-03   3.13223960e-03   4.51097033e-03
    5.56066137e-03   8.68670419e-03   1.04478027e-02   1.62981065e-02]
 [  1.14320434e-04  -1.10733287e-04   1.47346619e-04   3.49967562e-04
    1.63965881e-04   2.99609273e-04  -1.05023623e-05   3.72386380e-04
    2.13908672e-04   2.58578737e-04   1.45105609e-04   4.34205399e-04
    5.24570848e-04   6.10774039e-04   1.13702883e-03   8.62447832e-04
    1.11908469e-03   1.51102887e-03   1.74264201e-03   2.01741463e-03
    2.89245466e-03   9.99073727e-03   4.68404039e-03   6.17015791e-03
    9.06011310e-03   1.18332625e-02   1.62637654e-02   2.40089866e-02]
 [  1.29794014e-04   1.47727561e-04   1.38247957e-04   3.93772260e-04
    3.67875380e-04   1.66683912e-04   3.24986036e-05   3.24424260e-04
    2.85973623e-04   2.98198999e-04   2.81781438e-04   2.32905459e-04
    5.02906547e-04   7.90647122e-04   1.15643062e-03   1.01857085e-03
    1.24799147e-03   1.93570851e-03   1.89664795e-03   2.16330314e-03
    3.13223960e-03   4.68404039e-03   1.36050898e-02   7.86516125e-03
    1.13338110e-02   1.63231680e-02   2.07014475e-02   3.02701501e-02]
 [  1.36284545e-04   4.00162946e-04   9.24829300e-05   3.09973333e-04
    2.75739157e-04   3.29253371e-04   4.49086942e-05   4.79427834e-04
    2.95438422e-04   3.75093380e-04   4.56061759e-05   4.56764790e-04
    7.93275437e-04   7.09720699e-04   1.30712876e-03   1.11234548e-03
    1.58543193e-03   2.19060646e-03   2.15500272e-03   2.58927954e-03
    4.51097033e-03   6.17015791e-03   7.86516125e-03   2.23213008e-02
    1.76394234e-02   2.66135609e-02   3.54514872e-02   4.70750223e-02]
 [ -7.74793024e-06   2.25097220e-05   2.23415204e-04   4.10984485e-04
    3.35058047e-04   2.60217747e-04   6.35559323e-05   2.36979284e-04
    8.41004829e-05   2.61122753e-04   3.63258354e-04   3.28817699e-04
    8.72044264e-04   1.31893240e-03   1.71741703e-03   1.38376055e-03
    1.65997909e-03   2.31375666e-03   3.22145949e-03   3.01817683e-03
    5.56066137e-03   9.06011310e-03   1.13338110e-02   1.76394234e-02
    4.28520871e-02   4.18428209e-02   6.01877080e-02   7.35425027e-02]
 [  2.13716032e-05   1.09815873e-04   2.81194851e-04   9.65154662e-04
    4.72457021e-04   6.14034096e-04   1.96451570e-04   7.97928614e-04
    7.67486260e-04   1.04063595e-03   4.43361672e-04   2.78992911e-04
    1.77524116e-03   1.68232903e-03   2.21157806e-03   2.54273941e-03
    2.45419197e-03   4.58896695e-03   3.78748737e-03   4.75731231e-03
    8.68670419e-03   1.18332625e-02   1.63231680e-02   2.66135609e-02
    4.18428209e-02   1.00899123e-01   1.08655325e-01   1.20377628e-01]
 [ -1.41327854e-04   4.43128263e-04   1.31457714e-04   1.20116635e-03
    7.29103075e-04   1.03121024e-03   1.88793410e-04   3.71565358e-05
    9.06833535e-04   3.88581286e-04   1.21719215e-03   6.33999672e-04
    2.20800695e-03   2.94223944e-03   3.32207966e-03   3.56034701e-03
    2.89792259e-03   4.93525073e-03   6.41392868e-03   5.77976798e-03
    1.04478027e-02   1.62637654e-02   2.07014475e-02   3.54514872e-02
    6.01877080e-02   1.08655325e-01   2.18215799e-01   1.77370283e-01]
 [  4.67444850e-04   4.66899484e-04   6.62797907e-04   1.12359221e-03
    1.21615351e-03   1.30257909e-03   6.43727377e-04   1.22252117e-03
    1.05155964e-03   1.39635294e-03   1.07543321e-03   1.21885841e-03
    2.44896399e-03   2.72449337e-03   5.32858434e-03   4.20454786e-03
    5.43675104e-03   8.50935853e-03   8.99387221e-03   8.81496497e-03
    1.62981065e-02   2.40089866e-02   3.02701501e-02   4.70750223e-02
    7.35425027e-02   1.20377628e-01   1.77370283e-01   2.71982857e-01]]

Correlation Matrix: 
[[ 1.          0.04447163  0.04634908  0.06050845  0.11848112  0.09663934
   0.0278219   0.01070346  0.10538144  0.08454608  0.08056193  0.03760839
   0.0923332   0.04962394  0.11837425  0.09037395  0.09571322  0.08187045
   0.06391394  0.09997334  0.07962535  0.05409438  0.05262971  0.04314335
  -0.00177022  0.00318215 -0.01430908  0.04239227]
 [ 0.04447163  1.          0.01715352  0.00568299  0.06541586  0.03760686
   0.00542531  0.04932791  0.04461348  0.05526272  0.08237475  0.04556886
   0.05194756  0.04507657  0.09266782  0.09757895  0.05275108  0.02117893
   0.00693786  0.0701312   0.00138459 -0.03609624  0.04126609  0.08726892
   0.00354296  0.01126429  0.03090785  0.02916991]
 [ 0.04634908  0.01715352  1.          0.05192136  0.0953078   0.08768414
   0.04562865  0.04136622  0.01365131  0.01142872  0.07478093  0.08943102
   0.06458641  0.02043443  0.06620164  0.07896621  0.06725526  0.05097338
   0.08155169  0.09652913  0.04994788  0.05522933  0.04440546  0.02319157
   0.04043478  0.03316592  0.01054317  0.04761444]
 [ 0.06050845  0.00568299  0.05192136  1.          0.0976317   0.08816776
   0.07089573  0.03452391  0.1204393   0.01557703  0.05345803  0.00732478
   0.10692537  0.05919498  0.13659623  0.11160296  0.14873719  0.079176
   0.08816839  0.06986738  0.08519284  0.10152473  0.09788975  0.06015994
   0.05756815  0.08810408  0.07455948  0.06247133]
 [ 0.11848112  0.06541586  0.0953078   0.0976317   1.          0.09518198
   0.0058143   0.08378713  0.12875641  0.09716424  0.09690907  0.09330841
   0.12648522  0.13112935  0.11809086  0.11608636  0.11358965  0.0927757
   0.09325509  0.07900934  0.09146703  0.0520977   0.10016451  0.05861416
   0.05140412  0.04723702  0.04956895  0.07405962]
 [ 0.09663934  0.03760686  0.08768414  0.08816776  0.09518198  1.
   0.01880156  0.02209046  0.06589507  0.02272755  0.0932711   0.05174512
   0.08412999  0.10180443  0.11292263  0.06471983  0.10669938  0.06832948
   0.10450146  0.10980219  0.03983695  0.08376804  0.03993603  0.06158747
   0.03512957  0.054022    0.0616916   0.06979997]
 [ 0.0278219   0.00542531  0.04562865  0.07089573  0.0058143   0.01880156
   1.          0.13324729  0.09006559  0.07295125  0.04093985  0.06520756
   0.14405967  0.10036018  0.06389909  0.06407131  0.12133572  0.13776391
   0.07352007  0.04210808  0.04133128 -0.00323738  0.0085846   0.0092614
   0.00945967  0.01905538  0.0124523   0.03803094]
 [ 0.01070346  0.04932791  0.04136622  0.03452391  0.08378713  0.02209046
   0.13324729  1.          0.12537234  0.07794583  0.06739322  0.14124331
   0.18076806  0.08835893  0.11156251  0.0603941   0.06923483  0.13775471
   0.08448011  0.07789456  0.02568024  0.07558983  0.05643272  0.06510763
   0.02322698  0.05096696  0.00161384  0.04756133]
 [ 0.10538144  0.04461348  0.01365131  0.1204393   0.12875641  0.06589507
   0.09006559  0.12537234  1.          0.13836186  0.09186232  0.14706091
   0.13572958  0.06167705  0.0989178   0.12147815  0.17642822  0.10997994
   0.14912694  0.11959731  0.06939275  0.05868964  0.06723681  0.05422993
   0.01114152  0.06626112  0.05323734  0.05529616]
 [ 0.08454608  0.05526272  0.01142872  0.01557703  0.09716424  0.02272755
   0.07295125  0.07794583  0.13836186  1.          0.14032397  0.06700539
   0.13398286  0.09487983  0.15868336  0.13135907  0.11690174  0.1133701
   0.0956937   0.04326102  0.0933922   0.06111836  0.06039947  0.05931401
   0.02980138  0.07739855  0.01965244  0.06325606]
 [ 0.08056193  0.08237475  0.07478093  0.05345803  0.09690907  0.0932711
   0.04093985  0.06739322  0.09186232  0.14032397  1.          0.15638815
   0.11418736  0.07419298  0.07464199  0.08154246  0.15592792  0.12414067
   0.07648238  0.10326252  0.0997635   0.03100219  0.05159037  0.00651885
   0.03747456  0.02980722  0.0556446   0.04403719]
 [ 0.03760839  0.04556886  0.08943102  0.00732478  0.09330841  0.05174512
   0.06520756  0.14124331  0.14706091  0.06700539  0.15638815  1.
   0.16524491  0.12300736  0.13822099  0.11284043  0.1046967   0.11482891
   0.07364466  0.09922555  0.10417452  0.08431833  0.03875739  0.05934148
   0.03083151  0.01704806  0.02634338  0.04536365]
 [ 0.0923332   0.05194756  0.06458641  0.10692537  0.12648522  0.08412999
   0.14405967  0.18076806  0.13572958  0.13398286  0.11418736  0.16524491
   1.          0.10889302  0.18525187  0.09545662  0.15215627  0.16283981
   0.11960383  0.11506347  0.11654487  0.1080247   0.08874712  0.10929038
   0.08671021  0.11503536  0.09729153  0.09665611]
 [ 0.04962394  0.04507657  0.02043443  0.05919498  0.13112935  0.10180443
   0.10036018  0.08835893  0.06167705  0.09487983  0.07419298  0.12300736
   0.10889302  1.          0.1512591   0.08962706  0.16447052  0.13453171
   0.10210614  0.13611578  0.13783165  0.11556077  0.12819191  0.08983723
   0.12049393  0.10016036  0.1191142   0.09879697]
 [ 0.11837425  0.09266782  0.06620164  0.13659623  0.11809086  0.11292263
   0.06389909  0.11156251  0.0989178   0.15868336  0.07464199  0.13822099
   0.18525187  0.1512591   1.          0.15096026  0.23852979  0.16363016
   0.13271458  0.1569349   0.20700531  0.20192958  0.17599329  0.15530515
   0.14727093  0.12359071  0.12623919  0.1813712 ]
 [ 0.09037395  0.09757895  0.07896621  0.11160296  0.11608636  0.06471983
   0.06407131  0.0603941   0.12147815  0.13135907  0.08154246  0.11284043
   0.09545662  0.08962706  0.15096026  1.          0.17185015  0.1699725
   0.16878645  0.18644544  0.17608749  0.14500074  0.14674952  0.12511693
   0.11233397  0.13452231  0.1280812   0.13548296]
 [ 0.09571322  0.05275108  0.06725526  0.14873719  0.11358965  0.10669938
   0.12133572  0.06923483  0.17642822  0.11690174  0.15592792  0.1046967
   0.15215627  0.16447052  0.23852979  0.17185015  1.          0.19159443
   0.20603945  0.20334398  0.21129259  0.1858495   0.1776062   0.17615098
   0.13311097  0.12825138  0.10297716  0.17304772]
 [ 0.08187045  0.02117893  0.05097338  0.079176    0.0927757   0.06832948
   0.13776391  0.13775471  0.10997994  0.1133701   0.12414067  0.11482891
   0.16283981  0.13453171  0.16363016  0.1699725   0.19159443  1.
   0.15783478  0.19780812  0.24730914  0.22247203  0.24422532  0.21577744
   0.16448758  0.2126046   0.1554775   0.24011953]
 [ 0.06391394  0.00693786  0.08155169  0.08816839  0.09325509  0.10450146
   0.07352007  0.08448011  0.14912694  0.0956937   0.07648238  0.07364466
   0.11960383  0.10210614  0.13271458  0.16878645  0.20603945  0.15783478
   1.          0.17610146  0.25408742  0.24111026  0.22487558  0.1994777
   0.21521521  0.16489739  0.18988354  0.23849662]
 [ 0.09997334  0.0701312   0.09652913  0.06986738  0.07900934  0.10980219
   0.04210808  0.07789456  0.11959731  0.04326102  0.10326252  0.09922555
   0.11506347  0.13611578  0.1569349   0.18644544  0.20334398  0.19780812
   0.17610146  1.          0.29324664  0.27508111  0.25277321  0.23620199
   0.19871153  0.20411848  0.16862877  0.23036378]
 [ 0.07962535  0.00138459  0.04994788  0.08519284  0.09146703  0.03983695
   0.04133128  0.02568024  0.06939275  0.0933922   0.0997635   0.10417452
   0.11654487  0.13783165  0.20700531  0.17608749  0.21129259  0.24730914
   0.25408742  0.29324664  1.          0.34578058  0.32087588  0.36078048
   0.32097652  0.32677148  0.26724813  0.37342139]
 [ 0.05409438 -0.03609624  0.05522933  0.10152473  0.0520977   0.08376804
  -0.00323738  0.07558983  0.05868964  0.06111836  0.03100219  0.08431833
   0.1080247   0.11556077  0.20192958  0.14500074  0.1858495   0.22247203
   0.24111026  0.27508111  0.34578058  1.          0.40176413  0.41317854
   0.4378737   0.37270226  0.34832066  0.46057917]
 [ 0.05262971  0.04126609  0.04440546  0.09788975  0.10016451  0.03993603
   0.0085846   0.05643272  0.06723681  0.06039947  0.05159037  0.03875739
   0.08874712  0.12819191  0.17599329  0.14674952  0.1776062   0.24422532
   0.22487558  0.25277321  0.32087588  0.40176413  1.          0.45133309
   0.46939588  0.44056505  0.37993291  0.49761459]
 [ 0.04314335  0.08726892  0.02319157  0.06015994  0.05861416  0.06158747
   0.0092614   0.06510763  0.05422993  0.05931401  0.00651885  0.05934148
   0.10929038  0.08983723  0.15530515  0.12511693  0.17615098  0.21577744
   0.1994777   0.23620199  0.36078048  0.41317854  0.45133309  1.
   0.57034632  0.56078907  0.50796245  0.6041712 ]
 [-0.00177022  0.00354296  0.04043478  0.05756815  0.05140412  0.03512957
   0.00945967  0.02322698  0.01114152  0.02980138  0.03747456  0.03083151
   0.08671021  0.12049393  0.14727093  0.11233397  0.13311097  0.16448758
   0.21521521  0.19871153  0.32097652  0.4378737   0.46939588  0.57034632
   1.          0.636343    0.62241309  0.681211  ]
 [ 0.00318215  0.01126429  0.03316592  0.08810408  0.04723702  0.054022
   0.01905538  0.05096696  0.06626112  0.07739855  0.02980722  0.01704806
   0.11503536  0.10016036  0.12359071  0.13452231  0.12825138  0.2126046
   0.16489739  0.20411848  0.32677148  0.37270226  0.44056505  0.56078907
   0.636343    1.          0.73225816  0.72666011]
 [-0.01430908  0.03090785  0.01054317  0.07455948  0.04956895  0.0616916
   0.0124523   0.00161384  0.05323734  0.01965244  0.0556446   0.02634338
   0.09729153  0.1191142   0.12623919  0.1280812   0.10297716  0.1554775
   0.18988354  0.16862877  0.26724813  0.34832066  0.37993291  0.50796245
   0.62241309  0.73225816  1.          0.72805971]
 [ 0.04239227  0.02916991  0.04761444  0.06247133  0.07405962  0.06979997
   0.03803094  0.04756133  0.05529616  0.06325606  0.04403719  0.04536365
   0.09665611  0.09879697  0.1813712   0.13548296  0.17304772  0.24011953
   0.23849662  0.23036378  0.37342139  0.46057917  0.49761459  0.6041712
   0.681211    0.72666011  0.72805971  1.        ]]

Signal-to-Noise ratio: 
[[ 16.0997638]]
